  1.0543803e+000
  1.1428093e+000
  1.2373756e+000
  1.3353821e+000
  1.4345789e+000
  1.5333831e+000
  1.6304145e+000
  1.7243560e+000
  1.8145025e+000
  1.9014139e+000
  1.9868167e+000
  2.0725642e+000
  2.1593912e+000
  2.2464654e+000
  2.3320549e+000
  2.4146353e+000
  2.4933996e+000
  2.5677703e+000
  2.6365600e+000
  2.6978588e+000
  2.7500584e+000
  2.7932285e+000
  2.8294710e+000
  2.8615832e+000
  2.8908524e+000
  2.9157730e+000
  2.9329128e+000
  2.9393814e+000
  2.9348421e+000
  2.9211923e+000
  2.8999821e+000
  2.8698165e+000
  2.8264381e+000
  2.7662440e+000
  2.6909790e+000
  2.6097487e+000
  2.5358848e+000
  2.4798704e+000
  2.4428044e+000
  2.4150983e+000
  2.3817925e+000
  2.3312814e+000
  2.2617323e+000
  2.1810045e+000
  2.1003994e+000
  2.0268045e+000
  1.9586733e+000
  1.8882442e+000
  1.8078316e+000
  1.7153175e+000
  1.6150146e+000
  1.5138302e+000
  1.4161264e+000
  1.3212714e+000
  1.2253998e+000
  1.1255109e+000
  1.0224363e+000
  9.2047763e-001
  8.2438406e-001
  7.3637792e-001
  6.5558199e-001
  5.7996882e-001
  5.0885956e-001
  4.4379142e-001
  3.8728000e-001
  3.4100080e-001
  3.0539604e-001
  2.8125899e-001
  2.7177574e-001
  2.8271096e-001
  3.1973289e-001
  3.8429481e-001
  4.7102245e-001
  5.6884367e-001
  6.6557452e-001
  7.5323846e-001
  8.3088725e-001
  9.0345385e-001
  9.7781808e-001
  1.0588446e+000
  1.1476562e+000
  1.2424712e+000
  1.3405894e+000
  1.4398010e+000
  1.5385465e+000
  1.6354460e+000
  1.7291964e+000
  1.8191461e+000
  1.9059283e+000
  1.9913082e+000
  2.0771080e+000
