0
0
0
0
0
0
0
0
0.333333333333333
0
0.333333333333333
0.666666666666667
0.333333333333333
0.333333333333333
0
0.666666666666667
1.33333333333333
0.333333333333333
0
1
0.333333333333333
2.33333333333333
2
3.66666666666667
5.33333333333333
5.66666666666667
8
8
9.66666666666667
13.3333333333333
15
17
18.3333333333333
20.6666666666667
23
24.3333333333333
26
29.3333333333333
31.3333333333333
29.6666666666667
30.3333333333333
30.3333333333333
31.3333333333333
32
35
35.3333333333333
34.3333333333333
35
34.6666666666667
37.3333333333333
40.6666666666667
43.3333333333333
43.3333333333333
46
47.6666666666667
49
50
55.3333333333333
57.3333333333333
56.6666666666667
55
58.3333333333333
58
57.3333333333333
56
54.6666666666667
53.6666666666667
54.3333333333333
60.6666666666667
61
62.6666666666667
63.6666666666667
63.6666666666667
64
66
67.3333333333333
68
73
70.3333333333333
71
72.6666666666667
72.6666666666667
75.3333333333333
79
80
82.3333333333333
81
79.6666666666667
80.3333333333333
84
84.3333333333333
80.6666666666667
82.6666666666667
81
85.6666666666667
88
95.3333333333333
96.6666666666666
100.333333333333
103.333333333333
104.333333333333
107.333333333333
107
110
114.333333333333
114
114
112.333333333333
109.666666666667
108.666666666667
110.666666666667
112.333333333333
115.333333333333
115
117
119
122
125
129
129.666666666667
132.333333333333
134.333333333333
133
130.333333333333
130.333333333333
123.333333333333
120.666666666667
120
121.333333333333
124.333333333333
121.333333333333
120
118.666666666667
119.333333333333
118.333333333333
117.333333333333
117
118.666666666667
116.333333333333
118.333333333333
118.666666666667
120.666666666667
119
115.333333333333
110.333333333333
106
104.666666666667
101
96.3333333333333
97
96.6666666666667
94.3333333333333
97
97.6666666666666
105
106.333333333333
106.333333333333
108.666666666667
113.666666666667
116
115.666666666667
114.333333333333
113
112
112
113.333333333333
112.666666666667
114.666666666667
120
125.333333333333
130
133.666666666667
133.666666666667
138.333333333333
141.666666666667
146
153
157.666666666667
161.666666666667
165.333333333333
166.666666666667
167.666666666667
170
168.666666666667
163.333333333333
164
163.333333333333
158.666666666667
158
156.333333333333
154.666666666667
151.666666666667
148.333333333333
149.333333333333
147.666666666667
148
143.333333333333
142.333333333333
144.666666666667
145
142.666666666667
144.333333333333
150.333333333333
155.333333333333
153.666666666667
154.333333333333
157.666666666667
156
154.333333333333
150
148.666666666667
147.666666666667
144.666666666667
142
142
138.666666666667
138.666666666667
139.333333333333
142.666666666667
142.666666666667
144.333333333333
143.666666666667
142.333333333333
145
145.333333333333
141
142
141
141.666666666667
140.333333333333
140.666666666667
143.333333333333
144.333333333333
144
145
144
149
150.333333333333
154.333333333333
156.333333333333
155.333333333333
156
158
155.666666666667
153
151
148.666666666667
152
150.666666666667
154
154.333333333333
154
153.333333333333
152
154.666666666667
155.333333333333
161.666666666667
165
165.666666666667
164.333333333333
163.666666666667
160.333333333333
158
156.333333333333
157
155.333333333333
151.333333333333
150
144
137.333333333333
133.333333333333
131
129.666666666667
127.666666666667
127.666666666667
129.333333333333
129.333333333333
133
135.333333333333
139
142.333333333333
143
142.333333333333
143.666666666667
141.666666666667
145.333333333333
147.333333333333
146
146
140
138.333333333333
137.333333333333
133.333333333333
130.333333333333
125.666666666667
120.333333333333
123
125.333333333333
123.666666666667
128
123
118.666666666667
120.666666666667
123
117.666666666667
117
115.333333333333
112.666666666667
115
116.333333333333
117.666666666667
123.333333333333
124
124.333333333333
127.666666666667
131
134.333333333333
136
141.333333333333
144.333333333333
141
140
137.666666666667
135.333333333333
139
138.666666666667
137.333333333333
136.333333333333
137.666666666667
138
136.666666666667
139.666666666667
139.333333333333
140
141.333333333333
138.666666666667
139
142
144.333333333333
144
146.333333333333
143.333333333333
140.666666666667
138
136.666666666667
134
136
135.666666666667
133
131
127
121.666666666667
119.666666666667
115.333333333333
114
116.333333333333
119
119.666666666667
122.333333333333
122
123
125.666666666667
127.333333333333
126.333333333333
127.666666666667
128.333333333333
130
125.666666666667
125.666666666667
123.333333333333
121.333333333333
119
122.666666666667
125.666666666667
118
117
115
117.666666666667
117.333333333333
119
118.333333333333
118
120
116.333333333333
116.666666666667
114.666666666667
112.333333333333
111
109.666666666667
109.666666666667
113
115.333333333333
120
122
129.666666666667
135.333333333333
136.666666666667
142.666666666667
147.333333333333
151.666666666667
152
152.666666666667
153.666666666667
151.666666666667
147
147.666666666667
147.666666666667
146.666666666667
144
144.333333333333
146.333333333333
146.333333333333
151.333333333333
155
156.333333333333
158.333333333333
162.666666666667
165
167
165.333333333333
166
169.666666666667
167.666666666667
167.666666666667
165.666666666667
163
162.333333333333
161.666666666667
157
154.333333333333
153
148.666666666667
146
143.333333333333
141
142.666666666667
144
143
145.333333333333
147.666666666667
143
144
144.666666666667
144
142.666666666667
147.666666666667
149.333333333333
148.666666666667
147.333333333333
144.333333333333
145
145.333333333333
142.666666666667
137.333333333333
134.333333333333
131.666666666667
131.333333333333
131
131.666666666667
131.666666666667
130
129.333333333333
128.666666666667
125
121.333333333333
118.333333333333
115.666666666667
113.333333333333
113.333333333333
117.666666666667
120.666666666667
118
120.333333333333
123.666666666667
124.666666666667
128.666666666667
130
127.333333333333
129.666666666667
132
134.666666666667
136.333333333333
133.666666666667
132.333333333333
131.666666666667
132.333333333333
130
126
127.666666666667
127.666666666667
128.333333333333
129.666666666667
133
136
136.333333333333
138
146.666666666667
153
158.666666666667
161
158.333333333333
158.666666666667
156
155.333333333333
154.333333333333
153
149.666666666667
145.333333333333
139
133.666666666667
128.333333333333
123.666666666667
121.666666666667
120.666666666667
122
122.333333333333
126
127.666666666667
131.666666666667
135.333333333333
139
142.666666666667
144.333333333333
144
146
144.333333333333
138.666666666667
138
132
128.666666666667
124.333333333333
119.333333333333
113.333333333333
109.666666666667
110
108.666666666667
109
106.666666666667
108
111
110
107.666666666667
104
101.666666666667
97
94
92
87.3333333333333
86.6666666666667
84.3333333333333
84
88.3333333333333
87
89.6666666666667
93.6666666666667
98.6666666666667
97.6666666666667
99.3333333333333
102.666666666667
107
111.333333333333
110.333333333333
113.333333333333
112.666666666667
111
112.666666666667
110
110.666666666667
109.666666666667
112.333333333333
116
114
115
119
123.666666666667
125.666666666667
129
132.666666666667
139
137.666666666667
137.333333333333
137.666666666667
139
139.666666666667
139
138
137
134.333333333333
129.333333333333
126
124.666666666667
122
119.666666666667
121.666666666667
118
116.666666666667
122
123
127.333333333333
129
127.666666666667
126.666666666667
128
127.666666666667
123.666666666667
118.333333333333
117.666666666667
119.333333333333
122.666666666667
120.333333333333
118.666666666667
118
113.666666666667
111
108
107.333333333333
104.666666666667
108.333333333333
108.333333333333
110.333333333333
110.666666666667
111
109.333333333333
106
103.333333333333
100.333333333333
96.6666666666667
95
96
100.666666666667
100.666666666667
103.666666666667
106.666666666667
110
111.666666666667
115
120.333333333333
124.666666666667
122.333333333333
127.333333333333
127.333333333333
126.333333333333
124.333333333333
123.666666666667
121
118.666666666667
119.666666666667
120.333333333333
119.666666666667
120
124.333333333333
127
127.333333333333
132.333333333333
132.666666666667
132.666666666667
139.333333333333
141.666666666667
146
146
146.666666666667
147.333333333333
147.333333333333
146.666666666667
148.333333333333
147.666666666667
147
142.666666666667
141.666666666667
139.333333333333
136.333333333333
134.333333333333
132.333333333333
134.333333333333
131.666666666667
130
132.333333333333
134
136.666666666667
139
142
145.666666666667
146.333333333333
144.666666666667
146.666666666667
144.333333333333
141
137.666666666667
138
133
128
127
122.333333333333
118
119.333333333333
120
119.333333333333
120.333333333333
117.333333333333
116.333333333333
118.333333333333
119.333333333333
118
116
114.666666666667
114.333333333333
113.333333333333
109.666666666667
108
112
116.666666666667
118
118
120.666666666667
121.333333333333
122.666666666667
125.333333333333
127.666666666667
133.333333333333
137
137
139
140
140
139
135.333333333333
135.333333333333
135.666666666667
133.333333333333
133
132
133
137.333333333333
139.333333333333
141.666666666667
142.333333333333
146.666666666667
153.333333333333
160
162.666666666667
166
165.666666666667
162.666666666667
162.333333333333
160.666666666667
158
157
160.333333333333
157
155
155
150.666666666667
148.666666666667
147.666666666667
145.666666666667
147.666666666667
148.333333333333
149.333333333333
150.333333333333
151.333333333333
154.666666666667
156.333333333333
155.666666666667
153
154.333333333333
150.666666666667
148.666666666667
144.333333333333
144
140.333333333333
138
134
132.333333333333
131
125
120.333333333333
117
116
117.666666666667
116
120.333333333333
123
123.333333333333
119.666666666667
115.666666666667
112
110.333333333333
109.666666666667
110.333333333333
115.333333333333
115
117
116.666666666667
117
117.666666666667
121.666666666667
121.666666666667
128
128.666666666667
133
134.666666666667
138.666666666667
139.666666666667
139
136.666666666667
136.666666666667
137.666666666667
142
145.333333333333
151.666666666667
150.666666666667
153.333333333333
158.333333333333
158
161.666666666667
162
163.333333333333
163.666666666667
163.333333333333
163
166.666666666667
163.666666666667
159.666666666667
156
155.333333333333
151
150.333333333333
147
145
142.666666666667
140.666666666667
137.333333333333
136
135
134.666666666667
137.666666666667
141.333333333333
143
143.666666666667
148.666666666667
148.666666666667
144.333333333333
146.666666666667
148
148.333333333333
148.666666666667
148.666666666667
147
147.666666666667
144.666666666667
147
141.666666666667
139.666666666667
137.333333333333
132.666666666667
131
132
131.666666666667
134.666666666667
135
132.666666666667
134
135.666666666667
133.666666666667
130.333333333333
126.666666666667
122
122
120.666666666667
125
121.333333333333
123.333333333333
121.333333333333
122.333333333333
120
126
130
134.333333333333
134
133
133.666666666667
132.666666666667
130.666666666667
132
130.666666666667
129.333333333333
128.333333333333
126
126.666666666667
126
123.666666666667
125.666666666667
134
133.666666666667
136
139.333333333333
145.666666666667
149.666666666667
153
154
154.333333333333
155.333333333333
152.666666666667
150.666666666667
149.333333333333
147.333333333333
143.333333333333
139.666666666667
137.666666666667
134
132.333333333333
129
128.666666666667
130.333333333333
129.666666666667
129.666666666667
128.666666666667
134.666666666667
131.333333333333
132
134.333333333333
133.666666666667
134.333333333333
135.666666666667
130.333333333333
126.333333333333
124
125.333333333333
126.666666666667
125
127.333333333333
129
126.666666666667
126
124.333333333333
122
124.333333333333
123.666666666667
124.333333333333
126.666666666667
126.666666666667
128
124.666666666667
124
122.333333333333
119.666666666667
118.666666666667
118
118.333333333333
123.333333333333
125.333333333333
130.333333333333
129.666666666667
129.666666666667
134.333333333333
136.666666666667
143
146
146.666666666667
149.666666666667
149
147.333333333333
145.333333333333
145
142.333333333333
138.666666666667
139.333333333333
134.666666666667
133.666666666667
134.333333333333
134.333333333333
136
135.333333333333
139.666666666667
143
146.333333333333
149.333333333333
151
153.333333333333
159
156
156
154
150
146.666666666667
144.333333333333
140
138.333333333333
133.333333333333
129
126.666666666667
125.666666666667
121.666666666667
122.333333333333
116.666666666667
115.666666666667
116.333333333333
117.666666666667
119.666666666667
120.333333333333
125.333333333333
127
127
129
128.333333333333
124.666666666667
124
122.666666666667
123
124
120
121.666666666667
116.666666666667
114.333333333333
113
113.333333333333
110.666666666667
109.333333333333
109.333333333333
111.333333333333
107
106.666666666667
103.666666666667
103.666666666667
103
101
103.333333333333
102.333333333333
105.333333333333
108
109.666666666667
108
112
114
118
122
125.666666666667
129.333333333333
132.333333333333
137.333333333333
139.666666666667
143.333333333333
142.333333333333
141.666666666667
138
137
137.666666666667
134.666666666667
135
136
139
142.333333333333
143.333333333333
144.666666666667
146.333333333333
147.666666666667
147.333333333333
144.666666666667
143.666666666667
143.333333333333
141.333333333333
137
139
135.666666666667
133.333333333333
132.666666666667
131
132
128.666666666667
127.333333333333
122.666666666667
122.666666666667
122
122.666666666667
122
125.333333333333
125.333333333333
127.666666666667
132.333333333333
137.666666666667
135.666666666667
136.333333333333
139.666666666667
136.333333333333
136.333333333333
136
135.666666666667
138.333333333333
137.333333333333
133.666666666667
131.333333333333
126.333333333333
123
119.666666666667
119
119
122.333333333333
121.666666666667
122.666666666667
124.333333333333
125
123
121
120.666666666667
119.333333333333
116.333333333333
113.666666666667
114.666666666667
109.333333333333
108
113
115.333333333333
118.666666666667
120.666666666667
120.666666666667
122.666666666667
122
126
130.333333333333
135
137.666666666667
136.333333333333
136
137.333333333333
134.666666666667
136
134
135.333333333333
131.333333333333
133
130
128.333333333333
129.333333333333
132.666666666667
134.333333333333
138.666666666667
142.333333333333
149.333333333333
155.333333333333
157.333333333333
155.666666666667
158.333333333333
155.666666666667
154.333333333333
153
147
144.333333333333
142
141
136.666666666667
132
128.666666666667
125.333333333333
122
122
125
124.666666666667
125.333333333333
127.333333333333
130.333333333333
133.666666666667
137
136
137.333333333333
133.666666666667
133.333333333333
132.333333333333
131.666666666667
126.333333333333
128
125.666666666667
125
121.666666666667
119.666666666667
113.333333333333
110.666666666667
112.666666666667
109.666666666667
108.333333333333
106
103.666666666667
104
102.333333333333
99
95
93.3333333333334
89.6666666666667
83.6666666666667
83.3333333333333
85
83
87
90.6666666666667
93
95.6666666666667
97.6666666666666
98
100.666666666667
102.666666666667
105.666666666667
106.333333333333
108.666666666667
106.666666666667
106.333333333333
108
109
107.666666666667
106.666666666667
107
109
110
113.333333333333
116.333333333333
117.666666666667
122
129.666666666667
137.666666666667
138
140.333333333333
143
147.666666666667
147
143
140.666666666667
139.333333333333
136
133.333333333333
129
125.333333333333
124
120.333333333333
118.666666666667
119.333333333333
116
115.333333333333
117
113.333333333333
116.666666666667
119
121
123.333333333333
120.666666666667
120.666666666667
121.666666666667
117.333333333333
117.333333333333
114.666666666667
113.333333333333
111.333333333333
114.666666666667
114
113.333333333333
112
111.333333333333
111
111
111.666666666667
110.666666666667
109
110.666666666667
113
113.333333333333
109.666666666667
103.333333333333
101.333333333333
99.6666666666667
97.3333333333334
97.6666666666666
104
102.333333333333
103.333333333333
106
109
109
109
113.666666666667
117
118.666666666667
121.666666666667
120.666666666667
122.666666666667
123
122
122.333333333333
121.666666666667
121.333333333333
117.666666666667
120
122.666666666667
124
128
133.666666666667
135.666666666667
138.333333333333
141
148.333333333333
151.666666666667
156.666666666667
157.333333333333
156.333333333333
155.333333333333
149
151.666666666667
149.333333333333
151
153.333333333333
148.333333333333
145.333333333333
141
140
137.666666666667
132
128.666666666667
129.666666666667
131.333333333333
132.333333333333
134
136
136.666666666667
137.333333333333
136.333333333333
134.333333333333
133.333333333333
132.333333333333
129.666666666667
129
124.333333333333
122.666666666667
119.666666666667
120
116.333333333333
113.333333333333
115.666666666667
111.333333333333
107.666666666667
107.333333333333
105.666666666667
106.666666666667
105
102.666666666667
102.333333333333
100.666666666667
100
101.333333333333
100.333333333333
101
100
100.333333333333
101
101.666666666667
105.333333333333
106.333333333333
112.333333333333
114
120.666666666667
125
127.333333333333
129.333333333333
131.333333333333
133
135
136.333333333333
135.666666666667
131
130.333333333333
128
121.333333333333
120
121.333333333333
125.666666666667
131.666666666667
135
138.333333333333
139
142
141
143.333333333333
149
151
156
154
152
148.666666666667
149.666666666667
149
148.666666666667
146
147
145.666666666667
143.666666666667
140.333333333333
138
137
141
144.666666666667
149.333333333333
154
158
161
162
161
162.333333333333
162
162.333333333333
163.666666666667
161.666666666667
163.333333333333
163.666666666667
162.666666666667
155.333333333333
151.666666666667
151
144.333333333333
141
137.666666666667
135
134
136.333333333333
137.666666666667
138
140.333333333333
143.333333333333
143.666666666667
142
136.666666666667
138.333333333333
138.333333333333
138.666666666667
135.333333333333
137
135.333333333333
136.666666666667
139.333333333333
142.333333333333
143.666666666667
146.333333333333
147.666666666667
148.666666666667
155
158
159.666666666667
163.333333333333
163.666666666667
161.666666666667
158.333333333333
157
154.333333333333
151.333333333333
150
154
152.333333333333
154.666666666667
155.666666666667
157
160.666666666667
160.333333333333
165.666666666667
170
173.666666666667
176.333333333333
179.333333333333
178
173
171.666666666667
169.333333333333
163.333333333333
160.666666666667
161.333333333333
156.666666666667
156
156.333333333333
152.666666666667
151
146.666666666667
146.666666666667
147.666666666667
150
152.666666666667
155.666666666667
159
161.333333333333
163.333333333333
164.666666666667
163.666666666667
160.333333333333
159
159
160
157.333333333333
157
152.333333333333
147.666666666667
140.333333333333
135.333333333333
132.333333333333
129.333333333333
126
124
126
126
128
127
125
124
117.333333333333
117.333333333333
112.333333333333
114.666666666667
115.666666666667
115
116
116
118.666666666667
120.333333333333
120
122.333333333333
127.333333333333
132.333333333333
136
136.666666666667
142.333333333333
142.333333333333
145
143.333333333333
141.333333333333
136.666666666667
134
133
129.333333333333
131.333333333333
135
135.333333333333
139
142
145.666666666667
148.333333333333
152.666666666667
157.333333333333
162.333333333333
169.333333333333
168.666666666667
170.333333333333
168
164.666666666667
164.666666666667
161
158.666666666667
156
152.333333333333
149
146
139
135
132
129.333333333333
131.333333333333
132.333333333333
137
136.333333333333
136.333333333333
135.333333333333
134.666666666667
140
138
137
134
135
136.666666666667
135.333333333333
133.666666666667
130.666666666667
129
123.333333333333
119
118.666666666667
113.333333333333
116
111.666666666667
111
113
108.333333333333
106.333333333333
105
102.333333333333
102.666666666667
106
108.333333333333
105.666666666667
104.666666666667
109.666666666667
114.666666666667
113.333333333333
114.333333333333
118.666666666667
124
126
129
132.666666666667
132
133.333333333333
135.666666666667
139.666666666667
144.333333333333
143
140.333333333333
137.333333333333
137
139.666666666667
141
143.333333333333
146.666666666667
149
151.333333333333
150.333333333333
154.333333333333
159.666666666667
162
164
163.666666666667
163.333333333333
164.333333333333
163.333333333333
162
161.333333333333
159.666666666667
159.666666666667
156.333333333333
155
154.666666666667
151.333333333333
148.666666666667
146
143
144
145.666666666667
145
148.666666666667
152.666666666667
154.333333333333
156.333333333333
156.333333333333
158.333333333333
160.333333333333
160.666666666667
159
159.333333333333
159.333333333333
159.333333333333
159
156
150
147
146.666666666667
142.333333333333
137.666666666667
135
133.666666666667
134.666666666667
133.666666666667
136
133
132.666666666667
130.333333333333
131.666666666667
129
126
122.666666666667
117.333333333333
111.666666666667
113.333333333333
115.666666666667
115
117.333333333333
122
126.666666666667
128.333333333333
130.333333333333
133.333333333333
136.333333333333
140.666666666667
140.666666666667
143.333333333333
143
146.666666666667
143.333333333333
140.666666666667
138
136.333333333333
140.666666666667
139
139.333333333333
141.333333333333
140.333333333333
145
147.666666666667
148.333333333333
151.333333333333
150.666666666667
153.666666666667
152
148.333333333333
142
138.666666666667
140
137
133.333333333333
131.666666666667
133
130.333333333333
127.666666666667
127.333333333333
125
122.666666666667
122
120
122.666666666667
122.333333333333
124
123
122.666666666667
124.666666666667
125.666666666667
127.666666666667
130.666666666667
133
135.333333333333
143
152
151.666666666667
153.333333333333
153.333333333333
153.666666666667
153.333333333333
149.666666666667
149
144.333333333333
143
143
144.333333333333
145.666666666667
145.666666666667
151.333333333333
146.666666666667
143.666666666667
140.666666666667
139.666666666667
138
136.333333333333
132.666666666667
134
132.333333333333
135.333333333333
138.333333333333
133.333333333333
134.666666666667
134
132.333333333333
135
136.333333333333
140
137.333333333333
137.666666666667
137.333333333333
137
135
127.333333333333
125
126.666666666667
126
128.333333333333
129.333333333333
127.333333333333
123.333333333333
126
127.666666666667
132
139
143.666666666667
151.333333333333
155.333333333333
157
159.666666666667
161.666666666667
165.666666666667
159.333333333333
155
152
152.333333333333
151.666666666667
146.333333333333
141.333333333333
139.333333333333
134.666666666667
133
132
133.666666666667
134.666666666667
135.666666666667
137
139.666666666667
141
141.666666666667
146.666666666667
148
146.333333333333
144
141.333333333333
138.333333333333
133.333333333333
130
125.333333333333
123.333333333333
121.666666666667
119.666666666667
120.333333333333
120
120.333333333333
118
117
117.333333333333
116.666666666667
117
114.666666666667
109.333333333333
104.666666666667
99.3333333333333
96.6666666666667
101.666666666667
104
107.333333333333
107.666666666667
107.666666666667
107.333333333333
108.666666666667
115.333333333333
117
116.666666666667
122.333333333333
129.333333333333
132
134
134.666666666667
134.666666666667
130
126.666666666667
127.666666666667
125.333333333333
122.666666666667
117.666666666667
119.666666666667
123
124
126
125.666666666667
127.333333333333
131
134
139
141.666666666667
142.666666666667
146.666666666667
144
142
142
136.666666666667
138
139.333333333333
132
127.666666666667
126.666666666667
125.333333333333
123.333333333333
118
117.666666666667
118.333333333333
118
122.666666666667
127.333333333333
128
132
132.666666666667
132
136
133
135.333333333333
135
133.666666666667
133.666666666667
133.333333333333
131.666666666667
128.333333333333
124.333333333333
121
122
117.666666666667
118.333333333333
117.333333333333
119
119
119
118.333333333333
120.666666666667
115
110.333333333333
110.666666666667
108.666666666667
108.666666666667
110
109
115
115.666666666667
117
121.333333333333
124
123.666666666667
126.666666666667
127.666666666667
129.666666666667
133
136.333333333333
134.666666666667
131.333333333333
129.666666666667
125
125.333333333333
126.333333333333
123.666666666667
119.666666666667
120
118.333333333333
117.333333333333
118.333333333333
123.666666666667
123.333333333333
124.333333333333
127.333333333333
129.333333333333
135
139.666666666667
139
140
137.666666666667
133.666666666667
133.333333333333
134.333333333333
135
135.666666666667
136.666666666667
135.666666666667
133.666666666667
129
128.666666666667
127.333333333333
123.333333333333
123.666666666667
126.666666666667
129.666666666667
134.333333333333
137.333333333333
138.333333333333
140.666666666667
141.333333333333
140
138
135.666666666667
138.333333333333
135.333333333333
134.666666666667
131.333333333333
127.333333333333
121
119.666666666667
115.333333333333
113
108.666666666667
107
110
110.333333333333
110
114
112.666666666667
115
114.666666666667
115
112
108
107.333333333333
106.666666666667
107
106.333333333333
109.333333333333
111.666666666667
111.333333333333
113
113.333333333333
117.333333333333
122.333333333333
122.333333333333
127.666666666667
133.666666666667
133.333333333333
134.333333333333
135
134
133.333333333333
135.333333333333
132.333333333333
129.666666666667
128.333333333333
127.666666666667
129.333333333333
134.666666666667
133
132
137.666666666667
139.666666666667
145.333333333333
145.333333333333
147.666666666667
148
152.333333333333
148.333333333333
149.333333333333
150
151.333333333333
152.666666666667
151
150
149.333333333333
144.666666666667
141.666666666667
138.333333333333
133.666666666667
130.333333333333
128.333333333333
129.666666666667
133.666666666667
137.666666666667
141.666666666667
145
145.333333333333
145
145.666666666667
144.333333333333
142.666666666667
138.666666666667
137.666666666667
133.333333333333
133.333333333333
133.666666666667
127.666666666667
127.666666666667
122
119
118.666666666667
117.666666666667
115
115.333333333333
117.666666666667
117
115.666666666667
118
116
116.666666666667
113
113.333333333333
115.666666666667
116.666666666667
118.333333333333
119.666666666667
118
121.333333333333
122.666666666667
124.333333333333
123
122.333333333333
122
125.666666666667
126.333333333333
128.666666666667
127.333333333333
129.333333333333
130
128.333333333333
124
121.333333333333
116.666666666667
119.666666666667
117.333333333333
115.666666666667
115.666666666667
118
122.333333333333
125.666666666667
129.333333333333
132.333333333333
132.333333333333
136.333333333333
137
141.666666666667
145
142.666666666667
144
141.666666666667
141
141
136.666666666667
133.666666666667
132
131.333333333333
128.666666666667
127.666666666667
122.666666666667
126
125.666666666667
123.333333333333
129.333333333333
132.666666666667
135
135.333333333333
136
137
134
130.333333333333
131
131.666666666667
129.666666666667
129.666666666667
128
126
123.666666666667
120.666666666667
118
117.333333333333
115.666666666667
113
109.666666666667
109.333333333333
106.666666666667
110.666666666667
108
108
106.666666666667
102.666666666667
102.666666666667
100
96.6666666666667
93
95
95.3333333333333
99.6666666666667
101
106
106.666666666667
110.666666666667
108.666666666667
110
111.333333333333
111.666666666667
115.666666666667
116
119
118.666666666667
118.333333333333
116.333333333333
112.333333333333
112.333333333333
113.333333333333
114
116.333333333333
114
115.333333333333
119.333333333333
124
130.333333333333
134.333333333333
137
142
143.666666666667
142.333333333333
141
139.333333333333
136.333333333333
138.333333333333
138
136.666666666667
134.333333333333
134.666666666667
130
128.666666666667
125.333333333333
123
121
118.333333333333
116.666666666667
114.666666666667
119.333333333333
120.666666666667
122
125.666666666667
128.666666666667
128.666666666667
131.666666666667
130.333333333333
135.333333333333
132.333333333333
132
131.666666666667
127.666666666667
127
124
121.333333333333
119.666666666667
119
116.333333333333
114
112.666666666667
111.666666666667
111
113
110.666666666667
109.666666666667
108.666666666667
107.666666666667
108.333333333333
106.333333333333
107
106.666666666667
108
106.333333333333
108.666666666667
113
114
113.666666666667
117
119.333333333333
117.333333333333
120
123
125.666666666667
128.666666666667
127.333333333333
125
124.666666666667
124
118.333333333333
115.666666666667
116.333333333333
116.333333333333
117.333333333333
117
119.333333333333
119
125.333333333333
130
133.666666666667
138.666666666667
143.666666666667
145.333333333333
149.666666666667
149.333333333333
152
150
147
142
138.333333333333
137.666666666667
138
135.666666666667
131
127.666666666667
125.333333333333
122.333333333333
121
120.666666666667
120.666666666667
122.333333333333
123.333333333333
127.666666666667
126.333333333333
126.666666666667
128
128
130
128
126.666666666667
127
126.333333333333
126
121
120.333333333333
119
118
116.666666666667
115.333333333333
116.333333333333
113
111.333333333333
113.333333333333
107.333333333333
109.333333333333
106
103
101
98
95.3333333333334
95.6666666666667
95
95.6666666666667
94.3333333333334
96
96.3333333333333
98.3333333333333
99.3333333333334
99
103.666666666667
102.333333333333
104.333333333333
106
105.666666666667
107.333333333333
108
108.666666666667
109
109
107.333333333333
108.666666666667
109
105
108.333333333333
109
106.666666666667
108.333333333333
112
118.666666666667
126.666666666667
131
137.333333333333
144.666666666667
148.333333333333
150.333333333333
150.333333333333
149.333333333333
150.333333333333
150
148
147
143.666666666667
141
139
136.333333333333
134.666666666667
135
130.666666666667
132.333333333333
136.666666666667
139.666666666667
145
146.666666666667
153
155
156
155.333333333333
150.666666666667
148
146
146.333333333333
145
141.666666666667
136.333333333333
133
130.333333333333
128
122.333333333333
116
114.666666666667
112.666666666667
115
115.333333333333
115.666666666667
117.666666666667
119.333333333333
118.333333333333
113.666666666667
110
110.666666666667
111
107.666666666667
109
112.333333333333
114
118
120.333333333333
123
124
124
128
133.333333333333
137.666666666667
140.333333333333
142
141.333333333333
140.666666666667
137.333333333333
134.333333333333
134.666666666667
133.666666666667
137
135.666666666667
138.333333333333
139.666666666667
138.666666666667
136
140.333333333333
138.333333333333
139
145
144.666666666667
144
146
145.333333333333
146.333333333333
152
149
147.666666666667
145.666666666667
148.666666666667
147.333333333333
142
137.666666666667
137.666666666667
134.333333333333
132.666666666667
135
133.666666666667
136
141.333333333333
145.333333333333
151.333333333333
151.666666666667
155
156.666666666667
157
158.333333333333
160.666666666667
161
158.333333333333
158.666666666667
161.666666666667
162.333333333333
158.666666666667
154.666666666667
151
146.333333333333
144
141.333333333333
138.333333333333
138.333333333333
139.666666666667
142
141
139.666666666667
137.666666666667
137.333333333333
136.666666666667
130
124.666666666667
122
122.666666666667
121.666666666667
124.666666666667
130.333333333333
135
138
138.666666666667
139.333333333333
144
146.666666666667
146
148
150
152.666666666667
152.666666666667
153.333333333333
152.666666666667
149.666666666667
149
147.666666666667
147.666666666667
147.666666666667
149.666666666667
150
146.666666666667
146.666666666667
146.666666666667
152
155.333333333333
157.333333333333
159.666666666667
160.666666666667
161
164.333333333333
163
161.333333333333
158.666666666667
160.333333333333
159
156
153.333333333333
148
144
136.666666666667
133
133.333333333333
131.666666666667
132.333333333333
135.666666666667
136.666666666667
137.333333333333
140.333333333333
145.666666666667
150.666666666667
151
153.666666666667
152.666666666667
152.666666666667
153
150
153.333333333333
152.333333333333
147.666666666667
140.333333333333
137.333333333333
136.666666666667
134.666666666667
127.666666666667
125.666666666667
127.333333333333
126
126
125.666666666667
124.666666666667
125
128.333333333333
125
121.666666666667
122.666666666667
119
119.666666666667
118.333333333333
120.333333333333
124.333333333333
128
132.333333333333
134
135
136
141.333333333333
144
147.333333333333
147.333333333333
147.666666666667
147.333333333333
147
147.666666666667
147.333333333333
146.666666666667
140
142
139.333333333333
138.333333333333
138.333333333333
140.333333333333
142
145
146.666666666667
149
151.333333333333
157.333333333333
162
161.666666666667
161.333333333333
163.666666666667
160.666666666667
157.333333333333
154
153
149
143.666666666667
139.666666666667
135
133.666666666667
128
129
128.666666666667
126
127.666666666667
129.333333333333
134.333333333333
136.333333333333
139.333333333333
140
138.333333333333
137.333333333333
138.666666666667
136.666666666667
138
136
133
130.666666666667
127.333333333333
121.666666666667
115.333333333333
113.666666666667
108.333333333333
103
102.333333333333
98.3333333333334
101.666666666667
101.666666666667
100.666666666667
98.6666666666667
97
94
89.6666666666667
88
87.6666666666667
87
92
93
93
98.6666666666667
98
100.666666666667
102.333333333333
110
113.666666666667
115
117.333333333333
122.666666666667
125.333333333333
126.333333333333
127.333333333333
125.666666666667
124.666666666667
124.333333333333
123.666666666667
123.666666666667
122.333333333333
124.333333333333
126.666666666667
130
131.666666666667
132.666666666667
136.666666666667
138.666666666667
145
145.333333333333
149.333333333333
151.666666666667
150.666666666667
153
149
146.666666666667
147.666666666667
143.666666666667
141.666666666667
141.333333333333
138.666666666667
136.333333333333
134
133
129.333333333333
127.333333333333
124.333333333333
126.666666666667
127.333333333333
127
127.333333333333
130
132.333333333333
135
130.666666666667
128
127.666666666667
126.666666666667
122.333333333333
122.666666666667
120
116.666666666667
115.666666666667
113.333333333333
106
100.666666666667
96
97.3333333333333
96
94.3333333333334
98.6666666666667
98.3333333333333
98.6666666666667
97.6666666666667
97.6666666666667
98
100.666666666667
97.6666666666667
98
99.3333333333333
105.333333333333
104
106
109
113.666666666667
113.666666666667
119.333333333333
120
124
129
133
132.333333333333
133.333333333333
134.666666666667
137
138
136
135
134
132
130.666666666667
130
133
130.666666666667
133
134.333333333333
134.666666666667
135.333333333333
136.666666666667
137
135
137.666666666667
138.666666666667
140.333333333333
136.666666666667
134
133
131.333333333333
129.333333333333
125.333333333333
122.333333333333
120
120
119.333333333333
119
122
122.666666666667
122.666666666667
129
135.333333333333
140
142.666666666667
144.666666666667
146
144
145.333333333333
147
148
148.666666666667
147.666666666667
149.333333333333
152.333333333333
152.333333333333
147.333333333333
145
145
141.666666666667
141.333333333333
140
140.666666666667
139.666666666667
138.333333333333
137.666666666667
132.666666666667
130.666666666667
127.666666666667
123.333333333333
119
122
119
120
117
116.333333333333
119.666666666667
118.333333333333
118.333333333333
119
120.666666666667
123.333333333333
125.333333333333
128.666666666667
133.333333333333
132.333333333333
131
129.666666666667
132
132
133.666666666667
133
134.333333333333
132.333333333333
130
131.333333333333
137
139.333333333333
140.666666666667
143.333333333333
149.666666666667
151.666666666667
158.666666666667
168.666666666667
172
176.333333333333
179
176
177
175
174.333333333333
172.333333333333
166.666666666667
164
160.666666666667
162.333333333333
160.333333333333
159.333333333333
158.333333333333
158.666666666667
158
159.333333333333
161.666666666667
161
161.333333333333
161.666666666667
160.333333333333
162
163
159.666666666667
157.333333333333
152.666666666667
151
144.666666666667
137
132
132
126.333333333333
124.666666666667
122
122
119.333333333333
118.666666666667
121.666666666667
122
117
114.666666666667
113
113.333333333333
114
109.666666666667
109
107.333333333333
108
109.333333333333
110
110.666666666667
111.333333333333
110
109
110.666666666667
116
123
126.333333333333
130.666666666667
135
131.333333333333
136
138
134.333333333333
135.666666666667
135.666666666667
133
135.666666666667
136.666666666667
139.333333333333
143
142
147.666666666667
151
155.666666666667
163.666666666667
170
173
173.666666666667
176.333333333333
173
171
165.666666666667
166.333333333333
166
163
161.333333333333
159.666666666667
162
158.666666666667
156
154.333333333333
157
159.666666666667
159.333333333333
159.333333333333
161.333333333333
164
164.333333333333
169.666666666667
170.333333333333
169
166
163.666666666667
166
169
167.333333333333
163.666666666667
161.333333333333
158.333333333333
157.333333333333
152.666666666667
149
144.333333333333
146
143
143
143.333333333333
142.333333333333
141.333333333333
138.666666666667
136.666666666667
132.333333333333
135
135.666666666667
137.666666666667
138.666666666667
142
140
142.333333333333
142.333333333333
144.666666666667
142.333333333333
143.333333333333
144.666666666667
147.666666666667
149.666666666667
149.333333333333
151.666666666667
151.666666666667
152
150
146
144
142
141
141
139.333333333333
142
140
138.666666666667
145.333333333333
150
150.333333333333
155
161.666666666667
162.666666666667
167
167.666666666667
164.666666666667
169.666666666667
169.666666666667
168
167.666666666667
164.333333333333
159.666666666667
156
148.333333333333
146
141.333333333333
136.666666666667
134.333333333333
133
133.666666666667
135
135.666666666667
136
137
139
139.333333333333
141
141.333333333333
144
145.333333333333
143
143.666666666667
144.333333333333
143.666666666667
143.333333333333
143
140
137.333333333333
134.333333333333
129.666666666667
125.666666666667
120.666666666667
119.666666666667
118.666666666667
118.333333333333
118
118.333333333333
119
115.666666666667
113.333333333333
112
120
114.666666666667
113.333333333333
114
115.333333333333
114
115.666666666667
115.666666666667
116.666666666667
119.333333333333
119
120
124
126
124.333333333333
120
121
117.333333333333
114.333333333333
113
109.333333333333
112.333333333333
116
117
122
119.666666666667
125.333333333333
122
124
124.666666666667
126.666666666667
132.666666666667
136.666666666667
141
145.666666666667
148
145.333333333333
143.333333333333
143.666666666667
140
139.666666666667
137.666666666667
132
126
123.333333333333
123.333333333333
123.666666666667
121
120.666666666667
121.666666666667
122.333333333333
127.333333333333
126.666666666667
128.333333333333
128.666666666667
126.666666666667
130.666666666667
132.333333333333
131
130.666666666667
126
125.333333333333
123.333333333333
124.333333333333
122.333333333333
121
120.666666666667
118.666666666667
118.333333333333
115.333333333333
110
109
110.666666666667
110.333333333333
109
106.666666666667
108
108.666666666667
103.666666666667
105.333333333333
99.6666666666667
101.666666666667
101.666666666667
105.333333333333
104
104.333333333333
104
102.666666666667
109.333333333333
112.333333333333
113.333333333333
118.333333333333
120.333333333333
119.333333333333
119
118.333333333333
119
119.333333333333
115.666666666667
114.666666666667
111.666666666667
108.333333333333
110.333333333333
109.333333333333
111.666666666667
112.666666666667
115.333333333333
117.333333333333
121
123.333333333333
128
130.333333333333
135.666666666667
134.666666666667
135.333333333333
134
133
130.666666666667
129.333333333333
126.666666666667
124.333333333333
121.666666666667
119.666666666667
118.666666666667
116
113
110.333333333333
111.333333333333
112
115.666666666667
113.666666666667
118.666666666667
122.666666666667
124.666666666667
126.333333333333
125
123.666666666667
121.666666666667
123.333333333333
120
119
121.333333333333
120.666666666667
119.333333333333
115.666666666667
113.333333333333
108.333333333333
106.666666666667
107.333333333333
106
105
103.333333333333
104
105
101.666666666667
101.333333333333
101
98
96.3333333333334
95.3333333333333
92
94.6666666666667
99.3333333333334
102.666666666667
105.666666666667
106
108
112.333333333333
111.333333333333
112.666666666667
115
121.666666666667
123.333333333333
125.333333333333
126.666666666667
127.666666666667
124
123.666666666667
124.666666666667
122.666666666667
120.666666666667
121.333333333333
124
124.333333333333
130
130.666666666667
133
132
130.333333333333
129.333333333333
131.333333333333
130.333333333333
131
130.333333333333
128.333333333333
130.666666666667
133
131.666666666667
132.333333333333
131.666666666667
129
128
125.333333333333
122.666666666667
119.666666666667
114.666666666667
114.666666666667
116.333333333333
114.666666666667
117.666666666667
120.333333333333
123.666666666667
130.666666666667
132
134.666666666667
134.666666666667
135
134.333333333333
132.666666666667
129.666666666667
131
132
126
124.333333333333
124.333333333333
123.666666666667
120.666666666667
118.333333333333
117.333333333333
113.666666666667
114.333333333333
113.666666666667
114.666666666667
113.333333333333
112
111.666666666667
111.666666666667
108.333333333333
104.333333333333
101.666666666667
95.3333333333333
92.6666666666667
93
91.3333333333334
93.6666666666667
92
96.3333333333333
97.3333333333333
96.3333333333333
101.666666666667
106
108
113.333333333333
115.333333333333
119.666666666667
118
117.666666666667
123
121.666666666667
121.333333333333
120
122.333333333333
120.333333333333
119.333333333333
122.333333333333
125.333333333333
129
132
136.666666666667
141.666666666667
148
152
153.666666666667
153.333333333333
152.333333333333
154
153.333333333333
155.333333333333
154.333333333333
149.666666666667
148
146
142.333333333333
138.666666666667
139
135.333333333333
132
129
126.333333333333
128.333333333333
126
126.666666666667
125.333333333333
124.333333333333
123
124.333333333333
126.333333333333
123.333333333333
121.666666666667
126.666666666667
126.333333333333
125.333333333333
123
124
119
114
110
103
99.3333333333333
102.666666666667
104.666666666667
105
108.333333333333
111
111.333333333333
110
109.666666666667
111
113
114.333333333333
117
119.666666666667
121
121.666666666667
122.333333333333
122
121
120
122
123.666666666667
126.333333333333
129
133.333333333333
135.333333333333
137
137.666666666667
138.333333333333
134.333333333333
129.333333333333
124.333333333333
121.666666666667
118.333333333333
122
121
121.333333333333
124
125.333333333333
128
125.666666666667
124.666666666667
127.333333333333
131.666666666667
133.666666666667
137.666666666667
142.666666666667
142.333333333333
141.333333333333
142.333333333333
139
132
130
125.333333333333
122.666666666667
123
120.666666666667
116
116.333333333333
120
122.666666666667
122.333333333333
124.666666666667
125
127.666666666667
129.666666666667
131.333333333333
134.333333333333
135.333333333333
134.666666666667
133.333333333333
132.333333333333
130.333333333333
131.333333333333
130.333333333333
125.666666666667
124.333333333333
122.666666666667
122.333333333333
121.666666666667
120.333333333333
118.333333333333
119.666666666667
119.333333333333
118.666666666667
117.333333333333
112.666666666667
115.666666666667
112.333333333333
111
105.333333333333
102.666666666667
101
104.666666666667
105
109.666666666667
111.666666666667
116
113.666666666667
112
117
119.333333333333
123.666666666667
125.333333333333
130.666666666667
133.333333333333
136.666666666667
137.333333333333
138.333333333333
136
133
130.666666666667
127.333333333333
127.333333333333
128.666666666667
129.666666666667
128.666666666667
129
129.333333333333
130.666666666667
134.666666666667
140.333333333333
142
147.333333333333
147.666666666667
149.666666666667
150.333333333333
152
152.666666666667
154.333333333333
151.666666666667
150.333333333333
149.333333333333
145.333333333333
144
136.333333333333
134
129.333333333333
126.666666666667
123.333333333333
122.666666666667
122
122
125.333333333333
129
134
135.666666666667
136.666666666667
136.333333333333
134.333333333333
131.333333333333
130.333333333333
133.333333333333
129.333333333333
127.333333333333
126.333333333333
126.333333333333
126.666666666667
125.333333333333
118
119.666666666667
117.666666666667
118
117.333333333333
118
119.333333333333
124.333333333333
121
116
115.666666666667
114
112.666666666667
107.333333333333
108
108.666666666667
110
110.666666666667
114
110.666666666667
115.333333333333
121.333333333333
121.666666666667
120
125.666666666667
129
131.666666666667
136.333333333333
136.666666666667
135.333333333333
139
136.666666666667
133.666666666667
134.333333333333
136.333333333333
136.333333333333
138
136.666666666667
136.666666666667
138.666666666667
142
145.666666666667
148
150.666666666667
152
156.333333333333
159.666666666667
162
162.666666666667
157.666666666667
157.666666666667
154.333333333333
150
149.666666666667
145.333333333333
140.666666666667
138
134.333333333333
130.333333333333
124
119
116.666666666667
114.333333333333
115
121.666666666667
120
119.333333333333
121.333333333333
121.333333333333
120.666666666667
121
121
119
122
125.333333333333
127
124
122.666666666667
120.666666666667
118
115.333333333333
112.666666666667
109.666666666667
112
111.333333333333
114.333333333333
115
115.666666666667
111.333333333333
110.333333333333
110.666666666667
108.666666666667
107.666666666667
112.333333333333
110
114
116.333333333333
119.666666666667
126.666666666667
131.333333333333
132.666666666667
132.333333333333
132.666666666667
131.666666666667
136
135.333333333333
138
136.666666666667
135.333333333333
133.666666666667
134.666666666667
131.333333333333
131.333333333333
133
130.666666666667
129.666666666667
128
130
133
138.666666666667
139.666666666667
140
139.666666666667
143.333333333333
144
147.666666666667
148
147.666666666667
146.666666666667
146.666666666667
147.333333333333
146.333333333333
141.666666666667
138
137.333333333333
138
139.333333333333
134
131.666666666667
128.666666666667
127.666666666667
126.333333333333
128.666666666667
130.666666666667
133.333333333333
135.333333333333
138.333333333333
140
140
140.666666666667
137.666666666667
135
131.333333333333
130.333333333333
127.333333333333
127
126.666666666667
122.666666666667
119
116.333333333333
113.333333333333
109.666666666667
112.333333333333
114.666666666667
115.666666666667
117.666666666667
116
116
119
116.333333333333
113.666666666667
112
109.666666666667
109.666666666667
112
116.666666666667
120
122.666666666667
126
125
126.333333333333
130
132.666666666667
134
136
140.333333333333
142
144
141
142.333333333333
139.333333333333
139
135
131.333333333333
128
125.333333333333
128.666666666667
122.333333333333
118.333333333333
120.666666666667
123.666666666667
127.333333333333
133
135
134
138.333333333333
142.333333333333
142
139.666666666667
136
140.333333333333
137.333333333333
139
133.666666666667
134
132.333333333333
132.666666666667
129.666666666667
129.666666666667
129
129.333333333333
129.666666666667
132
133.333333333333
134.666666666667
133
135.333333333333
139.666666666667
139.666666666667
135.666666666667
133.666666666667
133
133
131.333333333333
129.333333333333
135.333333333333
132.333333333333
127.666666666667
128
127
122.666666666667
120.666666666667
117
117.333333333333
119
118.666666666667
117.333333333333
116.666666666667
117
116
113
109.666666666667
107.333333333333
104.666666666667
99.6666666666667
100.666666666667
102.333333333333
105.333333333333
112
113.666666666667
110.666666666667
112.666666666667
115.333333333333
119
121.666666666667
123.666666666667
125.666666666667
124.666666666667
123.333333333333
124.666666666667
119
117.333333333333
114.333333333333
114
110
110.666666666667
108.666666666667
106.333333333333
106.666666666667
112.666666666667
115.333333333333
119.333333333333
126.666666666667
129.666666666667
132.666666666667
134
134.333333333333
136.666666666667
139.666666666667
138
138.666666666667
137.333333333333
133.333333333333
128.666666666667
124.333333333333
119.333333333333
118.666666666667
117
111.333333333333
110.333333333333
109.666666666667
108.333333333333
109.333333333333
109.666666666667
110
111.333333333333
112.666666666667
114.333333333333
115.333333333333
115.333333333333
119.333333333333
118.333333333333
117.333333333333
117.333333333333
116.666666666667
113.333333333333
109
110.666666666667
109
106.333333333333
103.666666666667
99
97
97.3333333333333
97.6666666666667
98.3333333333333
100
99
100
100
97
97.6666666666667
97
97
97.3333333333333
96.6666666666667
97.3333333333333
96.6666666666666
98.6666666666667
100.666666666667
100
100.333333333333
104
105.666666666667
108
112.666666666667
115.333333333333
115.666666666667
114
114.333333333333
112
110.666666666667
109
107
109
113
117
116.333333333333
114.333333333333
114.666666666667
115.666666666667
116.666666666667
118.666666666667
122.666666666667
124
127
130.333333333333
130.666666666667
133.333333333333
131.666666666667
129.333333333333
129.333333333333
125
124
126
121.333333333333
119.666666666667
117.666666666667
116
117
120
122.333333333333
122
127.666666666667
131.666666666667
136
138
139
142
142
140.666666666667
141.333333333333
140
141.333333333333
138.333333333333
134.333333333333
129.333333333333
127.333333333333
125.666666666667
123.333333333333
123
119.666666666667
116.666666666667
120
118.333333333333
118.666666666667
119.666666666667
117.333333333333
116.333333333333
112
109.333333333333
106.666666666667
101.666666666667
96
92
94
94.6666666666667
93
95.3333333333334
93
90.6666666666667
92.3333333333333
94.6666666666667
98.3333333333333
104.666666666667
108
111.333333333333
112.666666666667
112
112.333333333333
109.666666666667
107.666666666667
105.333333333333
101.666666666667
100.333333333333
99.6666666666667
102.333333333333
103.333333333333
107
104.333333333333
107.666666666667
114.666666666667
114.666666666667
117
124.666666666667
129
137
136.333333333333
138
136.333333333333
128.333333333333
126.333333333333
123
118.333333333333
120.666666666667
118.666666666667
117
116
116.666666666667
114
111.666666666667
108
106
108
111
116.333333333333
119.666666666667
120.333333333333
123.666666666667
123.333333333333
128
127.333333333333
127.333333333333
127
129
126
127
122.666666666667
119.666666666667
117.666666666667
118.666666666667
116.333333333333
114.333333333333
115
115
112
111.333333333333
110.666666666667
110.333333333333
110
107
102.666666666667
99.3333333333333
97.6666666666667
96.6666666666667
99.6666666666667
103
105
108
111.666666666667
115
120.666666666667
119
120.333333333333
124.333333333333
124.666666666667
126.666666666667
128.333333333333
127.666666666667
123.666666666667
122.333333333333
119
116.333333333333
115.666666666667
111.666666666667
113
115.333333333333
116.666666666667
116.666666666667
119.333333333333
120.666666666667
121.666666666667
122.333333333333
127.333333333333
132.666666666667
133.333333333333
140
138.333333333333
139.666666666667
140.333333333333
137.666666666667
135.666666666667
136
136.666666666667
137
130.666666666667
128
126.666666666667
125.666666666667
121
120
119
119.666666666667
120
124
127
127
128.666666666667
131
129
131.333333333333
130
128.333333333333
128.333333333333
126.333333333333
126
123.333333333333
121.333333333333
119.333333333333
118
116.333333333333
113.666666666667
110.666666666667
111
111
110
108.666666666667
108.333333333333
106.333333333333
103
102
98.3333333333334
96
91
87
87.3333333333333
88.6666666666667
91
92.3333333333333
94.3333333333333
97.6666666666667
99
98.3333333333334
100.333333333333
103
104
104.666666666667
107.333333333333
105.333333333333
103
104
101.333333333333
100
97.6666666666667
100
99
99.6666666666667
103.666666666667
104
105
111
114.333333333333
119.333333333333
125.333333333333
133
140.333333333333
142
146.333333333333
143.666666666667
142.666666666667
140.666666666667
140.666666666667
138.666666666667
143.666666666667
141.666666666667
137.333333333333
134.333333333333
131.666666666667
126.666666666667
126.333333333333
124
116.333333333333
118
120.666666666667
125.333333333333
126.333333333333
130
133.666666666667
137.333333333333
143.333333333333
139.666666666667
141.333333333333
145.333333333333
141
142.333333333333
140.333333333333
139
136
129.666666666667
125.666666666667
123.333333333333
121
120.333333333333
121.666666666667
121.666666666667
121.666666666667
122
120.333333333333
120.666666666667
119
116
113.333333333333
110
111
110.666666666667
110
110.333333333333
109
110.333333333333
110.666666666667
111.333333333333
112.666666666667
114.666666666667
117.666666666667
117.333333333333
121.666666666667
118.666666666667
118.333333333333
117
115.333333333333
114.333333333333
115.333333333333
114.666666666667
111.666666666667
106.333333333333
106
106.333333333333
106.666666666667
108.333333333333
110.666666666667
112.333333333333
111
114
119
120
121.666666666667
120.666666666667
121.333333333333
121
120.333333333333
119
119
117
114.666666666667
112.333333333333
109.333333333333
107.333333333333
105.666666666667
102.333333333333
100.333333333333
104.333333333333
110.333333333333
112.333333333333
112.666666666667
116.333333333333
118
120.333333333333
124.666666666667
125
125
126.333333333333
127.666666666667
126.333333333333
127.666666666667
128
126
124.333333333333
121
121.333333333333
118
115.666666666667
112.666666666667
111.333333333333
109.666666666667
111
111.666666666667
114
115.333333333333
117.333333333333
115.333333333333
113.333333333333
113
108.333333333333
105.666666666667
102.333333333333
99
98
101.333333333333
102.333333333333
106.666666666667
109
112.333333333333
117.333333333333
120
123.666666666667
126.333333333333
128.333333333333
124.666666666667
129.666666666667
126
125
120.333333333333
115
114.666666666667
113
111.666666666667
110.333333333333
113.333333333333
112
114.333333333333
110
110.666666666667
113.666666666667
118
123
130.666666666667
133.666666666667
135.333333333333
135
134
135.666666666667
134
131.333333333333
128.666666666667
128.333333333333
127.666666666667
123.666666666667
122.666666666667
119.333333333333
114.333333333333
113
112
110.666666666667
115
119.333333333333
121.666666666667
121.666666666667
121
121.666666666667
121.333333333333
122.333333333333
123.333333333333
122
121.666666666667
123
118.333333333333
118.333333333333
112
109
107.333333333333
104
102.333333333333
100.333333333333
98
96.3333333333333
96
93.3333333333334
92
93.3333333333333
91
89
91.3333333333333
89.6666666666667
84.3333333333333
83.6666666666666
84.3333333333333
85
88
87.6666666666667
87.3333333333333
89.6666666666666
93.3333333333333
94.6666666666667
99.6666666666667
100.666666666667
103
105
109
110.666666666667
108.333333333333
109.333333333333
109
106.666666666667
103.333333333333
103.333333333333
108.666666666667
107.333333333333
111.333333333333
115.666666666667
116.666666666667
121.333333333333
122
121.666666666667
127
131
135.666666666667
137
136
137.666666666667
136
134.333333333333
133.666666666667
135
131
126.666666666667
124
121.666666666667
119.333333333333
118
116.666666666667
118
117.333333333333
119.333333333333
124
127
130.333333333333
130.333333333333
136
139.333333333333
142.333333333333
143.666666666667
142.333333333333
137
138.666666666667
136.333333333333
132.333333333333
129.666666666667
130
126.333333333333
122.333333333333
119
120
119.333333333333
122
122.666666666667
125.666666666667
127.666666666667
129.333333333333
127.666666666667
124
119.666666666667
121.666666666667
118.666666666667
118.333333333333
114.666666666667
112.666666666667
115.333333333333
120
119.333333333333
120
122.333333333333
122.333333333333
121.666666666667
126.333333333333
131
140.333333333333
142.333333333333
147.333333333333
151
153.666666666667
154
148.333333333333
140
135.666666666667
131.666666666667
128.333333333333
130.666666666667
132
136.666666666667
136.666666666667
133.666666666667
138.666666666667
144
146.333333333333
147
152
156.666666666667
158.333333333333
157.666666666667
157.666666666667
156.333333333333
153.333333333333
154.333333333333
151
148.666666666667
143
139.666666666667
138.333333333333
137.666666666667
134.666666666667
134.666666666667
132.666666666667
131.333333333333
132.333333333333
134.666666666667
137
139
140.333333333333
142
139.666666666667
141.666666666667
142
139.666666666667
139.333333333333
135.333333333333
134.666666666667
137.333333333333
137
131.666666666667
128.666666666667
127.333333333333
125.666666666667
123
122.666666666667
121.333333333333
118.666666666667
115.333333333333
114.666666666667
111.666666666667
110.333333333333
111.666666666667
108.333333333333
108.333333333333
106
102
103
106.666666666667
108
106.666666666667
109.666666666667
114
121
122.666666666667
125.333333333333
128
128.333333333333
132
130
130
128.333333333333
125.666666666667
124
121.666666666667
118.333333333333
112
110.666666666667
106.666666666667
110
113
113.333333333333
118.333333333333
124.333333333333
126.333333333333
132.666666666667
139.666666666667
140
141.666666666667
138.333333333333
138.666666666667
141
142.666666666667
136
131.666666666667
126.666666666667
125
125.666666666667
124.666666666667
120.666666666667
118.666666666667
117
116.666666666667
113
110
112.666666666667
119.333333333333
121.666666666667
125.666666666667
126
126.333333333333
123.666666666667
122.333333333333
121.666666666667
124.333333333333
120.333333333333
116
112.666666666667
111
110.666666666667
109.333333333333
108
106.666666666667
103.666666666667
103.333333333333
102.666666666667
104
104.333333333333
104.666666666667
105.666666666667
102
98
95.3333333333333
97.3333333333333
96
93.6666666666667
97
97.6666666666667
97
101
101.666666666667
100
102.666666666667
107.666666666667
110
114.333333333333
117.333333333333
119.666666666667
120
122.333333333333
122.666666666667
121.666666666667
121.333333333333
123
119.333333333333
117.333333333333
120.333333333333
117.333333333333
118.666666666667
118.666666666667
121.666666666667
122.333333333333
125
127.666666666667
131.333333333333
134
136.333333333333
139
137.666666666667
136
134
131
128
127.333333333333
126
125.666666666667
124.333333333333
121.666666666667
118.666666666667
112.666666666667
106.333333333333
102.666666666667
103.333333333333
103.333333333333
105.333333333333
109.333333333333
115.666666666667
119.333333333333
123.333333333333
124.666666666667
125.333333333333
126
126.333333333333
121.333333333333
123.666666666667
123.666666666667
122.666666666667
126
122
120.666666666667
118.333333333333
120
115
113
114.333333333333
116.666666666667
118.666666666667
116.666666666667
116
114.333333333333
114.666666666667
111.666666666667
109.333333333333
108.333333333333
106.333333333333
105.333333333333
99
97
95.3333333333333
97.3333333333333
101.666666666667
101.666666666667
101.333333333333
104.666666666667
106.333333333333
106.666666666667
106.666666666667
107.666666666667
110.333333333333
113.333333333333
114.666666666667
111.333333333333
112
112.666666666667
109.333333333333
106.666666666667
107.333333333333
108.333333333333
106.333333333333
105.666666666667
104.333333333333
107
114.333333333333
121.666666666667
126.333333333333
132.333333333333
138.333333333333
145.666666666667
149
148.333333333333
153.666666666667
150
146
143.666666666667
139.666666666667
135.666666666667
134.333333333333
132.666666666667
130.666666666667
127.333333333333
124
120
118
116.666666666667
118
119.666666666667
121
120.666666666667
125.666666666667
127.666666666667
132.333333333333
135.333333333333
132.333333333333
129
124
123
125
119.666666666667
115.666666666667
117
112
112.333333333333
113.333333333333
109.666666666667
109
105
104
104.333333333333
106.666666666667
107.666666666667
109.666666666667
112
112.333333333333
110.666666666667
107.666666666667
105.333333333333
105.333333333333
103
105.333333333333
105
104.333333333333
107.666666666667
112
111.666666666667
115
118.666666666667
122.333333333333
126.333333333333
132.333333333333
137.666666666667
138.333333333333
138.333333333333
135.333333333333
132.333333333333
134
134
131.666666666667
129.333333333333
132.666666666667
133
133
132.333333333333
132
135
136
140.333333333333
142.333333333333
143
145.666666666667
146.333333333333
148.666666666667
149.333333333333
147.333333333333
146.666666666667
147
146
149.333333333333
151.333333333333
152
151.333333333333
149
145.666666666667
142.666666666667
141
138.333333333333
141.666666666667
145
148
147.666666666667
150.333333333333
151.666666666667
150.666666666667
152.333333333333
154
151
146.333333333333
149.666666666667
146.333333333333
145.333333333333
141.666666666667
138.666666666667
135
132
128.333333333333
126.666666666667
128.666666666667
129
126.666666666667
124.666666666667
123
121
123.666666666667
121
117.666666666667
118
117.666666666667
114
110
111
112
110
109.666666666667
109.333333333333
114
112
113
119.333333333333
118.333333333333
120.666666666667
124
123.666666666667
121.666666666667
117.333333333333
116.333333333333
116.666666666667
113.666666666667
115
112.333333333333
117
118.333333333333
118
116.666666666667
122
130
133
134.666666666667
143.666666666667
147.333333333333
147.666666666667
147.333333333333
147.333333333333
148.666666666667
148.666666666667
143.666666666667
142.333333333333
137
135.333333333333
132
128.333333333333
127.333333333333
124.333333333333
125
126.333333333333
124.333333333333
123
126.666666666667
133
136.333333333333
140.333333333333
144
140.333333333333
137.333333333333
134.333333333333
132.333333333333
134.666666666667
138.333333333333
136.333333333333
135.666666666667
140
139.666666666667
141.666666666667
138.666666666667
137.666666666667
134.666666666667
133.333333333333
133.333333333333
135
134.333333333333
136.333333333333
135.666666666667
135.666666666667
138
140
137.666666666667
133.666666666667
130.666666666667
130.666666666667
133.666666666667
132.333333333333
134.333333333333
133.666666666667
137.666666666667
138
138.333333333333
139.333333333333
143
144.666666666667
145.666666666667
147.333333333333
144.333333333333
143.333333333333
144.333333333333
144
142.666666666667
143
139
136
135
138
136.333333333333
137.333333333333
143.333333333333
139.666666666667
145
151.333333333333
156.666666666667
161
164.666666666667
168.666666666667
167.333333333333
165.333333333333
162.666666666667
160.666666666667
160
158
159.666666666667
160.333333333333
157
153
149
143.333333333333
141
138.666666666667
137.666666666667
143.333333333333
143
143
147.333333333333
151.333333333333
152.666666666667
154.333333333333
152.666666666667
150.333333333333
149
143.333333333333
141.666666666667
142
141
141.666666666667
134.333333333333
132
130
123.666666666667
121.666666666667
121.666666666667
121.333333333333
122.666666666667
120.666666666667
121.333333333333
117
118.333333333333
116.666666666667
114
110.333333333333
108
105
106.333333333333
108.333333333333
113
118.333333333333
121.333333333333
122.333333333333
128.333333333333
129
131.333333333333
132.666666666667
137.666666666667
140
141
143.333333333333
143.333333333333
142
140.666666666667
140
138.333333333333
137
132.666666666667
131.333333333333
130.666666666667
128.333333333333
133
134.333333333333
135.666666666667
137.333333333333
138.333333333333
141.666666666667
143.666666666667
141.666666666667
139.666666666667
143
143.333333333333
142.666666666667
142
143
140.666666666667
139
136.666666666667
134.333333333333
132.666666666667
128.333333333333
126
123.666666666667
125
124
125.666666666667
128.666666666667
129.333333333333
131
135
139.666666666667
139.333333333333
135.333333333333
138.333333333333
138
137.666666666667
138.666666666667
136
140
142.666666666667
139.666666666667
133.666666666667
135
130.666666666667
127.666666666667
123.666666666667
124.666666666667
125
125.333333333333
127.333333333333
129
131.333333333333
128
126.666666666667
125.333333333333
119
120.333333333333
122.333333333333
124.333333333333
128.666666666667
128.666666666667
132.333333333333
131
134
135
135.333333333333
139
145.666666666667
144.666666666667
148
149
149.666666666667
148.333333333333
147.333333333333
145.333333333333
138
139.333333333333
137.333333333333
141.666666666667
144.333333333333
148.666666666667
149.666666666667
151.333333333333
150.333333333333
151.666666666667
153.333333333333
155
157
160
158
159.666666666667
154.333333333333
152.666666666667
150.333333333333
147.666666666667
146.333333333333
143.666666666667
140
134.666666666667
132.333333333333
129.333333333333
127.666666666667
123.666666666667
122.666666666667
120.333333333333
118
115
116
115.666666666667
115
115.666666666667
115.333333333333
117
116
116.666666666667
116.333333333333
114
115
118
116.333333333333
114.333333333333
114
110.666666666667
110
109.333333333333
106.666666666667
113.333333333333
112.333333333333
112
111
113
113
110.333333333333
108.666666666667
107.333333333333
106
104
102.666666666667
108
110.666666666667
112
114.333333333333
116.666666666667
120
125
125
127
129.333333333333
133
133
132.666666666667
133.333333333333
133.333333333333
136
130
124.666666666667
121.666666666667
119
118.333333333333
119.333333333333
117.666666666667
118
120
124
127.666666666667
132
134
137
139.333333333333
138
136.333333333333
136.333333333333
131.666666666667
128.333333333333
127.333333333333
121.666666666667
119
117.333333333333
115.666666666667
114.666666666667
113
109
105.666666666667
105
104.666666666667
105.666666666667
107.333333333333
109.333333333333
116.333333333333
115.333333333333
121.333333333333
121.333333333333
121.333333333333
120
118.333333333333
115.666666666667
113.666666666667
114.333333333333
114.333333333333
111
108
108
107.333333333333
106.666666666667
105.333333333333
106.333333333333
105.666666666667
107
107.333333333333
108.666666666667
108.333333333333
106
104
104.333333333333
100.666666666667
96.3333333333333
94.6666666666667
95.3333333333333
101
103
103
102
107.333333333333
107.333333333333
109
113.333333333333
117
119.666666666667
121.666666666667
126
128
128.666666666667
128
128.666666666667
129.333333333333
126.666666666667
125.666666666667
124
124.333333333333
124.333333333333
125.666666666667
129.333333333333
132
135.333333333333
141
144.666666666667
149
152.333333333333
153.333333333333
152.333333333333
151.333333333333
150.333333333333
146.666666666667
146.333333333333
144.333333333333
142.666666666667
139.333333333333
138.666666666667
135.666666666667
133
128
123.666666666667
122.333333333333
122.333333333333
125
126.666666666667
127.666666666667
130.333333333333
132
136.333333333333
140.333333333333
136.333333333333
136.333333333333
135
137.666666666667
136.666666666667
138
138
137.666666666667
137
136
136
133.666666666667
135
132.333333333333
127.666666666667
129
129.333333333333
129.333333333333
127.666666666667
129.333333333333
126.333333333333
127.666666666667
126.333333333333
126
124.666666666667
124
123.666666666667
122.666666666667
121
118
115.333333333333
117
115.666666666667
118
119.666666666667
119.333333333333
120
121
125.666666666667
127.333333333333
130
127.666666666667
127.666666666667
128
125
125
123.333333333333
122.333333333333
121.333333333333
121
121
122.666666666667
122
123.666666666667
128
136.666666666667
137.333333333333
138.333333333333
141.666666666667
145.333333333333
144.666666666667
142.666666666667
140.666666666667
136.333333333333
131.666666666667
132.333333333333
129.666666666667
123.666666666667
121
113.666666666667
107.666666666667
105.333333333333
103.666666666667
106.333333333333
105
109.333333333333
112.333333333333
111
113
115
116.666666666667
117.666666666667
114
111.333333333333
111.333333333333
114.666666666667
117.333333333333
117.666666666667
118.666666666667
117
117
112.666666666667
113.666666666667
114.666666666667
112.666666666667
112.666666666667
113.666666666667
115.666666666667
115
117.333333333333
119.666666666667
119.333333333333
117.666666666667
116
114
111.333333333333
109.333333333333
110
108.333333333333
107.666666666667
108.333333333333
111.333333333333
112.333333333333
113
117.333333333333
117.666666666667
121.333333333333
123.333333333333
124.666666666667
124
120.333333333333
122.666666666667
121.666666666667
123.666666666667
121
120.666666666667
124.666666666667
129.666666666667
135.333333333333
137
137.333333333333
138.666666666667
141.333333333333
142.333333333333
146.666666666667
147.333333333333
148.333333333333
151.333333333333
153.333333333333
155
157.333333333333
159
161
159
154
149
146.333333333333
143
136.333333333333
134.333333333333
130.666666666667
127
129.333333333333
130.333333333333
132
132.333333333333
134.333333333333
138.333333333333
137.666666666667
139.666666666667
139.666666666667
141.666666666667
140.333333333333
142.666666666667
141.333333333333
144
141.333333333333
144
140
138
136
133
130.666666666667
130
129.333333333333
128.666666666667
130
133
134
132.333333333333
133
129.666666666667
127
124.666666666667
119
113.333333333333
108.333333333333
107
110.333333333333
112.333333333333
113
117
116.333333333333
116.333333333333
115.333333333333
116.333333333333
121
126
128
129.333333333333
129.666666666667
128
127.333333333333
127.333333333333
123
122
119.333333333333
116.333333333333
118.333333333333
122
127.333333333333
133.333333333333
139
141
149
150.666666666667
157.666666666667
164.666666666667
167
170.666666666667
174
171.333333333333
169.333333333333
165.333333333333
163
158
155.333333333333
149
145.333333333333
142.333333333333
137
135
135.333333333333
135
131.666666666667
135
134
138
136.333333333333
135.666666666667
135.666666666667
137.333333333333
136
133
133.333333333333
135
135
134
133.333333333333
132.666666666667
131
131.333333333333
126.333333333333
127
128.333333333333
126
125.666666666667
124.333333333333
121.333333333333
122.333333333333
123
120
120.333333333333
119.333333333333
121.333333333333
115.666666666667
117
117.666666666667
117.666666666667
114.666666666667
117
116
116.666666666667
118
116.333333333333
118
116
118
120.333333333333
122.666666666667
122
125
123.333333333333
117.666666666667
115
114.666666666667
115
114.666666666667
117.666666666667
121.666666666667
124.333333333333
123.333333333333
123.666666666667
130.666666666667
130.666666666667
139.333333333333
143
147
150.333333333333
155
155.666666666667
155
155.666666666667
153.333333333333
153.666666666667
154
148.333333333333
146.666666666667
143.333333333333
140.333333333333
135.666666666667
134.666666666667
135
132
131
129.666666666667
133.666666666667
135
142
143.666666666667
145.666666666667
145.666666666667
148
149.333333333333
148.333333333333
144.666666666667
141
138.333333333333
138.333333333333
133.333333333333
130.666666666667
128.666666666667
125.333333333333
123.333333333333
120.333333333333
121.333333333333
120
120.666666666667
120.666666666667
119.666666666667
116.666666666667
117.666666666667
116.666666666667
116
114.333333333333
111.666666666667
107.333333333333
104
105.333333333333
105.333333333333
105
106.333333333333
107
109.666666666667
112
109.333333333333
113.333333333333
117.666666666667
121
123
124.666666666667
124.333333333333
122.333333333333
124.333333333333
121.666666666667
119.333333333333
118.666666666667
117.666666666667
119
117
116
121.666666666667
125.333333333333
130.333333333333
132.666666666667
138
143.666666666667
147
149.333333333333
154
155.333333333333
155.333333333333
151
149.333333333333
149.666666666667
148.666666666667
146
142.666666666667
138.666666666667
137.666666666667
134.333333333333
129.333333333333
124
124.666666666667
124
128.666666666667
131
129.333333333333
131
133.666666666667
134.333333333333
132
134.333333333333
136.333333333333
135.666666666667
134.333333333333
135.666666666667
130.333333333333
127.666666666667
127.333333333333
126.333333333333
121.333333333333
116
116.333333333333
113.333333333333
106
105
101
98
97.6666666666667
97
97
96
96.6666666666667
96.6666666666667
95
91.3333333333333
88.6666666666667
92.6666666666667
93.3333333333334
98.6666666666667
99.6666666666667
99
101.333333333333
104
105.333333333333
107
109.666666666667
113.666666666667
112.666666666667
111
113.666666666667
110.333333333333
109
105.666666666667
101.666666666667
101.333333333333
98.6666666666666
99.3333333333333
102.333333333333
105.333333333333
106.333333333333
112
114.333333333333
117.333333333333
120.333333333333
127
129.333333333333
132
133.333333333333
136
135
133
130
127.333333333333
124.666666666667
122.666666666667
117
114.333333333333
111
107
104
104.333333333333
104.666666666667
105.666666666667
105.333333333333
107.666666666667
112
118.666666666667
119.333333333333
120.333333333333
119
117.666666666667
111.666666666667
105.333333333333
104.333333333333
104.666666666667
104
101.666666666667
100.333333333333
98.3333333333333
96.3333333333333
95.3333333333333
93
90.6666666666667
91
91.6666666666667
89.3333333333333
89
93.3333333333333
92.3333333333333
88.6666666666667
91.3333333333333
90.3333333333333
87.6666666666667
91.6666666666667
93.3333333333333
91
92
95.3333333333333
96.6666666666667
97.3333333333333
97.6666666666667
101.666666666667
100.333333333333
101.666666666667
101.333333333333
105.333333333333
104.333333333333
103
101
99.3333333333333
98.6666666666667
95
94
94.6666666666666
93.3333333333333
96
96.3333333333333
97.6666666666666
99.3333333333333
103
103.333333333333
106
110.666666666667
116.333333333333
121
124.333333333333
127.333333333333
128
129
128.666666666667
128
126
125
123
119.333333333333
118.333333333333
114.333333333333
113
113
109.666666666667
108
108
105.666666666667
106
111.333333333333
113.666666666667
114.666666666667
116
117
121.333333333333
122.333333333333
120
120
118.333333333333
117.666666666667
116.666666666667
114.666666666667
112.666666666667
109.666666666667
108.333333333333
107.666666666667
105.333333333333
103.333333333333
105
105.333333333333
108.666666666667
110
112.666666666667
111.666666666667
113.666666666667
114
113.333333333333
112
112
115.333333333333
110.333333333333
111.333333333333
111.666666666667
116.666666666667
113
117.666666666667
120
121
121.333333333333
120
120.333333333333
121
121
118.333333333333
121.333333333333
120.333333333333
122.333333333333
117
114
117
118.666666666667
119
122
120
121.333333333333
124.666666666667
129
131
135
139.666666666667
143.333333333333
147.333333333333
148.666666666667
144.666666666667
146
147.666666666667
143
138.666666666667
138.666666666667
137.666666666667
136.333333333333
139
136
133.666666666667
134
134.333333333333
134
134.333333333333
133
136.333333333333
137.666666666667
138.666666666667
140
143.666666666667
145.666666666667
146.666666666667
146.333333333333
148.666666666667
151.333333333333
152.333333333333
148
143.333333333333
140.333333333333
136.666666666667
133.666666666667
130.333333333333
125.333333333333
120.333333333333
123
123
124.666666666667
129
131
130
128.666666666667
129.333333333333
126
125.666666666667
126.333333333333
126
129
129.333333333333
131.666666666667
130.666666666667
129.666666666667
132
133.666666666667
137
139.666666666667
145.333333333333
151.666666666667
156.666666666667
159.666666666667
158.666666666667
158
159.333333333333
156.666666666667
152
150.666666666667
147.666666666667
148.333333333333
149
150.333333333333
152.666666666667
150.666666666667
149.333333333333
155
157.666666666667
163.666666666667
163.333333333333
165.333333333333
165
162.666666666667
165
163.333333333333
161
159.333333333333
155.666666666667
151.666666666667
149
144.666666666667
142.666666666667
139
134.333333333333
133.333333333333
130.333333333333
130.666666666667
129.666666666667
133.333333333333
137
138.666666666667
140
143.333333333333
145.666666666667
143.666666666667
149
147
145
145.333333333333
148
147
143.666666666667
141.666666666667
141.333333333333
140
137.666666666667
132.333333333333
132
130.666666666667
130.333333333333
127
127.333333333333
127
123.333333333333
123
120.666666666667
123
121.666666666667
119
115.333333333333
115.333333333333
114.333333333333
115.666666666667
118.333333333333
117.333333333333
118.333333333333
118.333333333333
120
124.666666666667
126.333333333333
128.666666666667
129.333333333333
131
130.666666666667
130
127.333333333333
124.666666666667
122.333333333333
118.666666666667
120.333333333333
118.666666666667
118.666666666667
121
121.666666666667
123
126.666666666667
127.333333333333
132.666666666667
137
143
147.666666666667
147.666666666667
150.333333333333
151.333333333333
150
146.333333333333
144
140.333333333333
137.333333333333
135
132
130
126.666666666667
125
123.333333333333
121.333333333333
120
119.666666666667
119.666666666667
123
121
124
121.333333333333
122.333333333333
122
123.666666666667
120.333333333333
119.666666666667
118.666666666667
115.333333333333
111
109
103.333333333333
101.333333333333
97.6666666666667
94
90.6666666666667
89.3333333333333
86
84.3333333333334
83.6666666666667
84
82.3333333333333
83.6666666666667
81.3333333333333
77.3333333333333
76.3333333333334
71.3333333333333
69
72
74
73.3333333333333
72.6666666666667
76
77.6666666666667
80.3333333333333
83.3333333333333
85.6666666666667
89.3333333333333
92
96.3333333333333
98
97.6666666666667
97.6666666666667
97
94
91.3333333333333
90.3333333333333
89
87.6666666666667
89.6666666666667
92.3333333333333
93
97.3333333333333
101.333333333333
103.333333333333
105
108.333333333333
113.333333333333
117.666666666667
119.666666666667
122.333333333333
125
123.666666666667
124
120.333333333333
119.333333333333
118.333333333333
117.666666666667
119
117
117.333333333333
115.666666666667
116
114
113
116
116
113
113
114.666666666667
115.333333333333
118.333333333333
120
119.333333333333
117.333333333333
118
117
115.333333333333
115
113
110.333333333333
108.666666666667
106.333333333333
106
105
104
100
104.333333333333
103.333333333333
106
108.333333333333
109
107.333333333333
105.333333333333
104
103.333333333333
99.6666666666667
102
100
103.333333333333
104
103.666666666667
103.666666666667
106
108
109.666666666667
107
106.666666666667
106
106
105.666666666667
108.333333333333
106.333333333333
103.333333333333
101
99
98.3333333333333
96.3333333333333
95
93
95.6666666666667
96.6666666666667
95
97
97.3333333333333
98.6666666666667
102.666666666667
107
111
115
118.666666666667
123.333333333333
124.666666666667
123
119
117.666666666667
115
115.333333333333
114.333333333333
111
108.333333333333
107.333333333333
106.333333333333
107
108.333333333333
109.333333333333
111.666666666667
116
119.333333333333
123.333333333333
123
127.333333333333
128.666666666667
127.333333333333
130
123.666666666667
124.666666666667
127
126.666666666667
128
131.333333333333
131.666666666667
131
130
124.666666666667
121.333333333333
119
119.666666666667
120
119.333333333333
120.333333333333
120.333333333333
120
117
114.666666666667
112.333333333333
109.333333333333
111.333333333333
111.666666666667
110.333333333333
112.666666666667
116.333333333333
115.666666666667
114.333333333333
116
116
119
116.666666666667
116
118.333333333333
122.666666666667
120.333333333333
118.666666666667
118.666666666667
117.666666666667
119
118.333333333333
117.333333333333
117.333333333333
117.666666666667
120.333333333333
117.666666666667
118.333333333333
117
121
124
123.333333333333
127.666666666667
133
133
135
135.333333333333
132
132.333333333333
129.666666666667
130.666666666667
131
128.666666666667
127.666666666667
124.333333333333
120
121.666666666667
118
118
115.666666666667
115.666666666667
117
123
122
126
126.666666666667
129.333333333333
135.666666666667
133.333333333333
133
137.333333333333
138.666666666667
135.666666666667
137.333333333333
138.333333333333
136
136.666666666667
134.666666666667
130
130.666666666667
127.666666666667
128
129.666666666667
132.333333333333
133.333333333333
135
136
134
132.333333333333
131.666666666667
129
126.666666666667
122.333333333333
120.333333333333
122
123.666666666667
120.666666666667
125
129.333333333333
130
130.666666666667
131.666666666667
133
142
143.333333333333
149.666666666667
151
155.333333333333
157.666666666667
159.666666666667
157.666666666667
154
152.333333333333
152.333333333333
152
148.666666666667
153
150
150.666666666667
152
151
152
152.333333333333
154.333333333333
152.666666666667
159
162
160.333333333333
157.666666666667
158
159
159.333333333333
162.333333333333
157.333333333333
156
153.333333333333
150.666666666667
146.666666666667
143.333333333333
143
143.666666666667
143.333333333333
144.666666666667
145.666666666667
150
150
150.666666666667
152.333333333333
153.666666666667
151.666666666667
153.333333333333
152
149
148
145.666666666667
143
143.666666666667
142.666666666667
140
137
138
135
135
136
133
130.666666666667
130
128
126.333333333333
125
123.333333333333
118.666666666667
114.666666666667
107.666666666667
107.666666666667
108.333333333333
109
111.333333333333
112.666666666667
114.333333333333
118.333333333333
123
127.333333333333
127.333333333333
130.666666666667
130.333333333333
131.666666666667
134
135
133
129.333333333333
135.333333333333
131.333333333333
131
130
132
135.666666666667
140
140
141
144.666666666667
147
148
154.666666666667
160.666666666667
164
161.666666666667
162.333333333333
163.333333333333
162.333333333333
164
161
161
159
155.666666666667
153
149.666666666667
144.666666666667
142.666666666667
144.666666666667
144.333333333333
146.666666666667
149
148.666666666667
149.666666666667
149
149.666666666667
150.666666666667
151.666666666667
152
155.333333333333
155.333333333333
158
160.333333333333
157
154.666666666667
149.666666666667
147.333333333333
142.666666666667
140.666666666667
136.333333333333
130.666666666667
132.333333333333
134.333333333333
137
136.666666666667
135.666666666667
136.333333333333
138
135.333333333333
133.333333333333
130
130
132.666666666667
132
134.666666666667
135
137.666666666667
142.333333333333
144.666666666667
143.666666666667
143.666666666667
146
146.333333333333
143.333333333333
144
147.333333333333
146.666666666667
148
148.333333333333
148.666666666667
148
144
144.666666666667
145
141.333333333333
138
139.333333333333
138.666666666667
142.666666666667
145
147
151
151.333333333333
151.333333333333
153.666666666667
154.666666666667
151
149.333333333333
146.333333333333
142.666666666667
143
144
140.333333333333
137.333333333333
133
132.666666666667
129.333333333333
129.333333333333
129
130.333333333333
127
129
127.333333333333
128.333333333333
134.333333333333
136
138
136.666666666667
139.333333333333
135
134
136.333333333333
137.333333333333
141.666666666667
142.666666666667
143
144.333333333333
146
146
146.666666666667
146
144.333333333333
146
143.666666666667
143.666666666667
143
141
137.333333333333
135.333333333333
132
129
126.333333333333
125
125
120.666666666667
121.333333333333
123.666666666667
125.666666666667
124
127.333333333333
125.666666666667
123.333333333333
125.666666666667
129
131.333333333333
136
135.333333333333
133
133.666666666667
128.666666666667
130
125.666666666667
126
125
125.666666666667
124.666666666667
125
124
125
127
127.333333333333
132.333333333333
140.333333333333
143.666666666667
146.666666666667
148.666666666667
145.666666666667
144.333333333333
140.666666666667
138
136.333333333333
136.333333333333
133.666666666667
131
124.666666666667
122.333333333333
119.333333333333
114.666666666667
113
114
113.666666666667
113
119
122.666666666667
126.333333333333
126.666666666667
128.666666666667
129
129.333333333333
128.666666666667
127
124.666666666667
123.666666666667
123.333333333333
120.333333333333
120
116
113.333333333333
113
113.333333333333
109.666666666667
111.333333333333
109.666666666667
110.666666666667
109.666666666667
107.666666666667
108
106
102.666666666667
101.666666666667
96
95
96.3333333333334
96.3333333333333
98.6666666666667
98.6666666666667
103
102
105.666666666667
105.666666666667
104.666666666667
107.666666666667
111
111.333333333333
115.333333333333
116
115.333333333333
113.666666666667
111.333333333333
107.666666666667
106.666666666667
105.666666666667
104.333333333333
102.666666666667
108.666666666667
107.333333333333
105.666666666667
105
107
112.666666666667
112.666666666667
115.333333333333
122.333333333333
126
130
133.333333333333
133.666666666667
133.666666666667
131.333333333333
131.333333333333
128
121.666666666667
121.333333333333
122
119
119
117
114.666666666667
117
115.666666666667
115.333333333333
116.333333333333
120.666666666667
123
127.333333333333
131.666666666667
132
132.666666666667
132
132.333333333333
136.666666666667
131.666666666667
129
127.333333333333
127
127.333333333333
126.666666666667
123
123
125
125
129.666666666667
136.333333333333
138
138
137.666666666667
136.666666666667
140.333333333333
140.666666666667
140
138.666666666667
139.333333333333
137.666666666667
139.666666666667
139.666666666667
139
141
141
142
143.666666666667
145.333333333333
144.333333333333
147.333333333333
149.333333333333
151.666666666667
152
152.666666666667
152.666666666667
147.666666666667
144.666666666667
140
137.666666666667
136
134.666666666667
131.666666666667
131.666666666667
134.333333333333
134.333333333333
136.666666666667
136.666666666667
143.333333333333
149
154.333333333333
158.666666666667
165
167.666666666667
167
166.333333333333
163.666666666667
163
158.333333333333
157.666666666667
154.333333333333
147
144.666666666667
140.666666666667
137.666666666667
135.333333333333
133.333333333333
136
136.666666666667
137.333333333333
138.333333333333
140
146.333333333333
144.333333333333
147
147
150
155.333333333333
156.333333333333
155
153.333333333333
152
146
144.333333333333
144.666666666667
143.666666666667
140.666666666667
136
137.333333333333
137.333333333333
135.666666666667
134.333333333333
137.333333333333
133.333333333333
132.333333333333
133
133.333333333333
128.333333333333
126
124.666666666667
122
122
121.666666666667
125.666666666667
127.666666666667
130.333333333333
128.666666666667
129
130.333333333333
131
132
133.666666666667
134.666666666667
137.666666666667
139.666666666667
141.666666666667
139.333333333333
139
137.333333333333
139
137.333333333333
138
140.333333333333
136.333333333333
136
132.666666666667
132.333333333333
133.666666666667
136.333333333333
141
144.666666666667
148.333333333333
147.333333333333
146.333333333333
146
142.666666666667
142
139.333333333333
137
132.333333333333
131
128.666666666667
127
122.333333333333
119
116.333333333333
117.333333333333
113.666666666667
113.666666666667
115.333333333333
115.666666666667
116.666666666667
117.666666666667
121
120.666666666667
121
120
116.333333333333
117
117
117.333333333333
116.666666666667
117
117.333333333333
117
114.666666666667
117.666666666667
117.666666666667
117.333333333333
116
119
119.333333333333
120
121.666666666667
123.333333333333
121.333333333333
119
116.666666666667
110.666666666667
106.333333333333
103
102
100.333333333333
100.666666666667
103.333333333333
104.666666666667
108.333333333333
113
111
113.333333333333
115
119
120.333333333333
117.666666666667
118
115.666666666667
113.666666666667
111
112.333333333333
113
110.333333333333
109.333333333333
111
113
113
115.333333333333
120
121.666666666667
128.666666666667
134
137.666666666667
138.333333333333
140.666666666667
145.666666666667
145.333333333333
144.666666666667
143
140.666666666667
139.333333333333
137.666666666667
133.333333333333
132
129
126
121.666666666667
117.666666666667
119
118
118.333333333333
116.333333333333
120.333333333333
121.666666666667
122.666666666667
125.333333333333
126
125.333333333333
124.333333333333
122.666666666667
124.666666666667
125
124.666666666667
125.333333333333
125.333333333333
123.333333333333
118
114.666666666667
110.666666666667
111.333333333333
109
107.333333333333
109
112.666666666667
110
110.666666666667
111.333333333333
115
109.333333333333
110.333333333333
106.666666666667
106.333333333333
104
105.333333333333
100.333333333333
101
96.3333333333333
100
100.666666666667
104.333333333333
107.666666666667
113.333333333333
114.666666666667
118.333333333333
120.666666666667
121
120
122
121.333333333333
120
117.666666666667
115.333333333333
118
118.333333333333
117
120.666666666667
117
121.666666666667
121.333333333333
119.333333333333
124
128.333333333333
132.333333333333
134.333333333333
139.666666666667
139.666666666667
140
140.666666666667
141
140
136
132.666666666667
132.333333333333
129
125.333333333333
121.333333333333
120.333333333333
114.666666666667
113.666666666667
115.333333333333
118.333333333333
120.666666666667
124.333333333333
130.666666666667
131
131.666666666667
136
140.333333333333
138.333333333333
137.333333333333
134.333333333333
136.666666666667
132
128.333333333333
127
126.666666666667
123.666666666667
123
118.666666666667
113
111.333333333333
115
115.666666666667
118.333333333333
118.333333333333
114.666666666667
112
109.666666666667
107.666666666667
108.333333333333
107
104.666666666667
103.333333333333
105.666666666667
106
110.666666666667
114.333333333333
113
113
116.333333333333
121
125
123.666666666667
126
127.666666666667
127.666666666667
126
122
120.333333333333
118
112.666666666667
115.333333333333
113.666666666667
114
115
116
118.666666666667
118.666666666667
118.333333333333
122
123.333333333333
128.333333333333
131
133.333333333333
133
136.666666666667
136
133
131.333333333333
129
123.666666666667
123
121
118.666666666667
122
121.333333333333
121.666666666667
119
120
114.666666666667
114.666666666667
116.666666666667
120.666666666667
120.666666666667
124.666666666667
130
129
130
131.333333333333
131.666666666667
130.333333333333
127.666666666667
129.666666666667
130.333333333333
126.333333333333
124.666666666667
125.666666666667
122.333333333333
118.333333333333
113.666666666667
111.666666666667
111.333333333333
113.333333333333
110.666666666667
114.333333333333
112
111
111.333333333333
109.666666666667
110
103.666666666667
106
107
105.666666666667
103
104.666666666667
104
108.333333333333
111.333333333333
114.333333333333
115
116.666666666667
117
119.333333333333
121.666666666667
126.333333333333
129
127.666666666667
128.333333333333
129.666666666667
126
126
124
121.333333333333
122.666666666667
125.666666666667
126
128.333333333333
128.333333333333
133.333333333333
136.333333333333
141.666666666667
146
150.666666666667
155.666666666667
153
154.666666666667
156.333333333333
151.666666666667
148.333333333333
145
139.666666666667
140.666666666667
137.666666666667
137
136
133
132.666666666667
134.333333333333
133.333333333333
132
135
138.333333333333
140.333333333333
139.333333333333
139
139.333333333333
138
138
139.333333333333
139.333333333333
137
136.333333333333
130.333333333333
127.666666666667
124.333333333333
120.666666666667
116
117
114
115.666666666667
114.333333333333
114.666666666667
113.333333333333
112.333333333333
111
111
107.666666666667
107
107
106.666666666667
101.666666666667
101.333333333333
98
97.3333333333333
96.6666666666667
95.3333333333333
98.3333333333333
100
101
103.333333333333
107.666666666667
113
118.666666666667
121.666666666667
