0
1
2
2
3
5
7
8
10
13
17
19
21
24
26
28
29
32
35
36
37
39
41
43
46
47
47
50
50
54
55
60
62
62
63
66
68
70
73
73
77
80
83
86
88
87
89
94
98
101
103
106
109
111
112
115
123
129
131
132
131
134
137
139
143
143
146
145
147
148
148
151
156
157
158
161
162
163
165
166
172
174
177
177
179
181
185
186
185
185
186
187
187
190
195
195
198
199
202
202
201
201
205
206
206
208
211
214
215
220
219
220
222
224
227
228
231
233
233
235
238
239
238
240
241
241
240
242
241
241
243
242
242
244
247
246
246
249
250
253
253
254
254
255
254
257
261
261
263
262
259
260
263
265
271
268
267
270
273
273
274
278
280
284
285
285
287
289
290
290
293
295
294
295
291
293
296
292
295
300
302
301
300
296
296
295
296
296
296
296
293
292
294
296
300
301
306
309
309
310
314
315
318
316
320
319
316
312
312
308
310
311
310
309
308
303
301
303
301
302
301
299
298
298
300
301
304
305
304
302
303
303
303
303
302
303
304
303
301
302
303
303
305
307
310
310
309
311
311
312
312
313
314
317
314
312
315
315
314
316
317
314
313
312
310
307
306
304
302
298
293
291
289
288
287
286
286
287
290
290
294
294
295
290
292
291
287
285
285
284
284
280
281
282
280
276
276
280
280
279
278
279
281
283
284
286
287
288
288
287
289
289
288
287
285
283
285
281
281
279
279
277
280
281
282
283
286
291
292
296
296
295
296
296
293
295
296
296
299
299
297
297
297
297
295
294
290
288
285
283
283
279
275
278
279
280
278
278
279
284
286
287
287
286
285
285
283
282
280
279
276
277
278
277
275
278
280
281
283
285
283
283
288
287
286
287
290
287
293
291
289
289
291
292
293
292
289
290
290
291
289
291
293
297
299
303
307
307
311
311
309
312
316
313
311
312
312
311
312
310
308
306
304
302
300
296
295
296
292
292
290
288
289
290
287
286
288
292
295
294
292
296
300
298
298
293
291
290
289
284
287
285
284
285
284
283
283
282
280
281
279
280
280
281
283
285
284
285
282
288
286
284
285
285
284
283
282
281
282
284
285
286
288
290
292
294
295
295
296
295
296
295
296
295
298
297
299
296
295
291
290
288
292
289
290
284
283
280
279
278
274
277
274
273
272
272
274
272
273
274
273
272
270
267
266
267
264
264
261
256
256
253
249
250
247
245
244
241
242
242
242
246
247
249
249
252
256
257
259
259
256
257
256
253
253
252
251
251
248
250
251
252
253
254
257
261
261
261
262
264
264
268
267
267
269
271
271
273
275
274
269
269
268
269
263
259
257
256
253
253
250
253
255
255
254
254
255
257
260
262
264
263
266
266
265
262
260
259
258
256
256
254
255
253
255
256
254
256
256
258
261
264
266
268
271
271
273
274
275
273
272
270
268
270
270
267
265
268
268
266
267
266
266
267
267
268
272
271
273
278
278
280
279
283
284
282
285
285
283
282
280
280
280
274
276
272
272
272
270
270
271
272
277
280
279
281
283
284
285
287
286
286
290
289
292
293
294
293
294
289
288
291
291
289
287
284
281
278
279
281
286
288
288
289
291
290
292
293
291
290
289
283
285
286
283
284
283
284
286
288
288
290
288
290
290
293
294
294
297
297
299
302
303
302
301
303
305
304
306
306
302
303
303
301
298
299
297
296
294
293
290
291
294
293
293
297
299
300
300
301
304
307
310
310
308
308
305
304
301
297
297
298
298
295
293
296
295
293
293
292
290
292
293
297
296
296
299
298
300
306
306
305
306
305
306
301
298
300
296
297
295
297
298
298
298
298
299
300
300
304
307
307
306
306
306
307
310
311
310
309
309
308
304
301
298
298
296
295
297
297
295
294
292
293
293
295
295
295
297
301
306
304
305
301
301
300
295
297
297
295
294
290
285
286
284
284
290
291
289
291
293
294
294
297
301
301
300
298
299
299
297
298
299
295
294
293
295
293
292
291
290
291
292
295
296
296
298
296
298
299
300
303
302
304
306
305
305
306
307
309
311
309
308
302
305
303
299
295
293
296
294
297
301
301
301
299
302
307
309
311
312
313
313
313
315
313
311
309
309
303
302
301
295
294
292
292
290
292
291
292
292
293
293
293
294
294
294
299
297
296
297
295
294
294
295
295
295
292
293
294
295
294
294
296
296
297
299
298
299
301
299
301
301
304
303
301
299
298
301
301
298
297
296
292
291
288
286
282
281
280
280
280
279
276
279
279
279
282
282
284
285
287
286
284
284
285
285
284
283
281
273
270
267
265
264
264
264
262
260
262
264
264
265
266
273
272
273
278
277
275
274
273
276
272
273
272
268
269
268
267
268
267
268
269
272
273
273
276
278
279
279
282
283
286
289
289
289
288
288
292
290
290
289
288
287
282
281
282
279
275
274
276
273
273
279
280
282
287
287
290
291
294
295
292
290
288
288
290
287
284
282
278
276
278
275
270
271
271
269
270
275
277
279
281
283
286
287
288
289
290
288
287
286
288
289
289
289
288
287
288
289
289
291
294
293
295
296
298
299
300
303
302
302
299
302
300
298
297
299
299
298
299
294
292
286
282
281
277
275
275
274
273
275
276
276
274
273
274
276
277
277
276
277
278
275
273
276
277
274
270
266
263
261
259
257
254
254
255
253
251
251
251
251
254
259
260
261
262
261
262
262
261
259
258
262
259
259
258
258
258
257
258
260
258
257
257
258
259
258
261
263
262
264
264
264
268
267
267
265
266
269
267
265
263
259
257
256
255
256
253
254
254
258
261
260
263
264
265
268
268
270
272
271
271
272
271
268
267
266
264
262
258
255
254
255
253
252
251
251
249
247
245
247
247
251
253
253
253
253
254
255
251
251
253
250
250
253
252
255
255
256
256
258
259
265
268
270
272
273
273
279
280
283
283
284
283
285
287
285
285
283
283
281
280
276
274
273
272
272
270
269
271
270
272
272
271
273
275
275
275
275
271
272
273
274
274
274
275
275
272
266
268
267
264
263
265
266
266
265
263
262
264
267
269
270
271
272
270
273
273
275
274
277
279
280
277
273
272
270
271
270
267
267
269
270
274
274
276
279
283
285
289
290
290
293
294
299
304
306
306
306
304
304
303
298
300
295
295
294
292
290
292
293
294
296
296
299
301
304
307
310
312
315
313
316
312
309
308
306
305
304
301
299
297
296
295
291
294
296
296
302
308
308
309
311
312
311
312
315
315
313
312
310
308
307
308
308
304
303
304
304
308
310
311
312
313
315
315
316
318
319
318
322
321
325
323
326
325
323
322
318
320
322
324
322
318
315
314
311
311
307
309
306
304
302
304
305
307
309
310
311
311
311
309
306
305
304
302
302
300
303
300
297
296
292
292
290
290
289
289
289
289
292
295
297
298
298
297
297
293
298
297
294
295
291
288
288
287
284
285
287
286
290
289
292
293
296
297
299
300
302
303
303
304
304
306
307
304
309
310
309
309
306
304
301
298
294
295
292
290
290
285
282
279
278
281
283
284
285
287
288
289
290
288
287
285
287
286
284
282
280
276
274
272
270
267
266
266
265
265
262
261
265
266
267
268
270
269
269
270
274
271
270
272
270
270
270
273
274
275
275
275
274
275
275
280
282
281
283
285
286
288
288
287
288
289
293
295
293
294
299
298
298
297
293
293
293
292
293
294
291
291
292
294
300
299
300
303
305
309
308
310
309
308
308
309
306
305
304
301
297
294
291
290
289
288
287
288
290
292
293
296
296
300
300
302
307
307
309
309
307
304
305
303
304
303
303
302
298
299
296
294
294
298
296
296
299
298
300
302
302
304
305
305
306
305
309
309
308
309
307
306
305
303
301
299
297
296
296
300
296
296
298
297
294
293
294
296
298
299
300
298
301
301
298
296
295
293
290
288
286
283
283
284
281
284
282
282
283
287
288
289
290
289
287
289
291
297
297
296
293
295
294
295
297
295
293
292
291
291
291
295
294
298
299
298
297
300
301
301
304
304
302
302
301
304
305
307
305
305
305
306
301
300
300
298
295
294
291
289
291
286
283
283
285
286
284
285
286
285
286
286
289
288
286
285
283
282
283
284
284
281
277
276
274
274
270
270
270
269
269
274
272
272
275
276
274
275
272
274
273
274
278
276
277
280
281
280
280
279
281
282
284
284
285
289
290
290
291
292
291
293
298
298
298
297
297
301
304
303
301
302
299
296
290
287
288
284
282
278
278
273
269
273
271
273
274
272
272
275
276
275
273
271
272
271
268
267
264
263
262
261
260
260
257
257
255
255
255
256
260
262
263
264
268
270
275
275
276
277
277
274
276
276
276
279
278
277
280
280
279
280
279
280
279
284
284
285
287
290
293
292
293
294
296
294
295
297
300
299
298
297
293
290
286
283
279
276
273
269
267
266
266
263
259
258
255
256
258
260
260
261
261
262
260
260
261
257
259
261
254
253
253
251
250
250
248
250
248
255
257
260
262
265
263
265
269
271
272
270
271
271
271
271
266
266
266
267
268
269
268
271
274
278
279
284
288
290
293
294
293
295
296
296
296
296
295
298
301
302
301
301
301
298
298
295
293
291
288
285
285
281
276
278
281
280
282
281
282
285
283
286
287
285
289
287
288
287
284
285
281
283
280
280
278
278
276
274
277
277
279
280
277
278
281
280
280
281
283
281
279
280
278
279
278
279
277
277
277
276
281
281
282
281
284
286
287
288
290
290
294
296
295
298
298
301
301
303
304
302
300
299
299
293
290
282
280
279
275
274
271
269
268
270
269
269
270
271
272
274
276
277
277
276
277
275
272
273
271
266
264
261
259
258
257
257
254
252
249
248
250
252
253
256
261
260
260
263
266
264
261
261
264
265
265
261
263
262
261
261
259
259
259
261
264
266
266
267
267
275
275
276
277
276
275
275
274
273
276
277
276
275
278
279
279
279
276
277
275
273
273
271
270
269
265
268
272
272
272
273
274
272
273
272
272
271
271
268
269
269
266
264
262
258
257
255
251
251
253
257
257
258
259
260
258
259
260
264
264
261
261
262
261
259
260
260
260
261
260
260
262
261
262
265
266
266
267
270
273
275
277
277
276
276
278
275
275
276
274
273
270
269
268
266
266
263
260
260
260
258
261
261
265
262
263
265
265
266
267
268
268
269
271
270
265
266
263
264
264
265
264
261
259
259
257
256
254
254
254
252
255
256
258
262
266
270
273
274
273
270
272
270
268
267
266
268
265
264
267
267
269
268
269
271
273
274
276
277
278
281
283
286
287
290
290
288
288
291
294
294
294
293
294
294
292
291
289
285
284
281
279
278
278
278
280
282
282
285
284
286
290
292
293
293
294
290
289
289
283
283
287
284
286
287
286
284
285
283
284
285
285
288
285
288
289
292
294
294
295
294
295
296
294
295
294
294
293
292
290
294
293
293
296
299
299
298
302
306
308
309
310
309
308
309
308
306
307
310
312
312
311
307
306
303
299
298
297
295
293
289
288
289
288
287
287
288
285
285
286
287
289
289
292
288
290
292
291
287
287
287
286
284
284
287
284
286
287
287
290
289
291
296
295
298
302
304
305
309
307
307
304
305
306
308
307
305
309
306
303
305
306
307
307
309
308
311
312
317
317
316
314
314
314
314
313
313
312
314
314
313
314
309
309
308
307
305
305
303
300
304
304
305
303
303
306
308
308
307
308
310
311
311
314
310
308
307
307
306
306
304
304
305
306
307
304
302
301
304
305
306
307
308
307
307
307
308
307
306
308
306
308
306
303
303
304
303
301
299
300
299
301
301
302
303
304
304
305
305
305
305
306
306
309
307
309
309
309
307
309
309
307
305
302
300
295
291
289
291
289
288
286
283
280
281
279
278
277
275
275
276
278
278
278
275
278
276
273
274
272
269
267
261
258
255
255
255
255
256
256
257
257
257
261
261
261
262
265
267
265
266
260
260
265
263
265
263
266
262
263
261
257
257
262
263
263
265
269
271
272
273
276
278
275
277
279
282
282
283
285
283
283
287
288
284
285
280
277
276
276
275
274
275
275
274
273
274
275
276
277
279
281
281
281
279
279
280
275
277
278
274
268
266
267
265
266
266
263
261
260
260
257
260
261
264
264
265
265
268
270
268
269
266
267
268
269
271
271
272
270
272
273
274
276
279
279
280
280
281
280
281
284
285
286
288
289
288
289
290
292
292
289
289
285
285
281
279
277
273
271
271
269
270
266
267
265
266
270
272
272
272
276
274
273
269
272
270
269
271
268
267
264
263
262
263
261
265
269
271
271
272
275
277
278
279
282
286
288
289
289
290
291
290
289
287
289
288
287
289
290
293
296
294
296
300
301
302
304
306
307
309
311
313
315
318
319
319
321
319
320
317
316
316
315
313
310
309
307
307
304
300
301
297
294
297
295
293
295
296
298
300
300
298
300
303
302
300
298
300
299
299
299
293
290
288
288
287
285
284
286
289
286
287
286
287
293
297
298
298
300
301
297
296
298
297
297
299
298
300
298
299
302
305
307
307
309
309
311
314
316
314
316
320
319
319
321
325
327
329
328
331
331
332
330
330
329
324
323
322
322
324
321
322
322
318
320
320
319
320
323
324
327
326
325
324
325
325
328
324
321
321
320
316
313
311
307
308
310
311
312
310
310
309
312
309
311
314
316
317
318
316
314
312
309
309
311
311
310
312
310
311
311
313
316
318
318
318
319
320
319
320
322
324
325
324
325
331
331
332
331
330
327
325
324
319
316
320
316
314
311
310
305
305
305
305
307
307
304
304
306
305
307
310
309
307
305
301
303
304
301
298
296
294
291
287
285
285
283
281
278
278
278
281
282
287
287
289
289
291
294
292
294
292
291
289
286
286
283
279
280
278
276
277
281
283
282
283
285
287
289
289
291
295
298
297
297
300
301
302
300
302
298
297
294
291
292
288
284
280
276
275
270
270
274
273
273
274
275
278
278
282
281
282
281
283
286
284
280
279
276
274
273
270
267
263
265
261
261
260
258
261
263
264
264
265
267
271
269
269
272
268
267
265
267
264
266
267
266
266
267
267
267
266
266
268
267
270
271
273
275
275
277
277
276
275
275
280
277
276
274
276
273
273
271
270
265
262
258
259
257
260
260
259
255
255
255
254
251
250
251
252
256
255
255
256
256
254
252
248
246
245
246
246
242
239
236
239
238
241
244
245
249
251
253
256
258
260
260
263
265
267
269
271
270
268
268
264
265
264
263
262
262
262
265
269
269
272
273
276
276
276
281
283
283
284
284
285
284
282
281
283
280
277
274
269
267
261
257
257
254
251
251
251
252
251
253
252
256
257
256
257
260
257
258
257
260
259
259
257
256
252
253
252
247
246
243
242
240
237
239
241
244
247
247
252
257
259
262
262
263
263
261
262
260
261
264
264
263
264
264
264
265
267
269
273
275
278
280
283
284
285
286
288
285
286
286
288
289
287
288
291
288
287
287
285
282
284
283
284
284
283
282
281
279
278
277
279
276
278
281
284
285
287
290
287
288
288
287
281
286
281
281
276
272
268
268
266
264
261
261
261
260
259
258
259
260
261
262
262
265
263
261
257
260
259
258
257
254
253
252
254
256
258
259
263
264
263
265
266
268
269
273
275
274
273
274
277
280
280
279
279
280
280
281
279
276
276
271
268
271
270
266
264
263
265
266
269
273
274
276
278
279
276
279
276
274
271
269
270
268
263
265
262
262
262
261
260
261
262
263
266
268
273
276
280
281
281
282
282
286
284
286
286
287
286
284
284
280
281
282
280
279
281
283
285
286
288
291
294
295
296
296
296
293
293
293
292
291
289
286
289
287
285
286
283
283
279
279
276
274
271
269
268
268
266
268
270
271
272
274
277
281
284
284
283
284
288
285
281
282
279
277
277
275
274
274
274
272
269
271
270
273
276
280
283
287
287
287
287
288
286
286
283
280
278
277
278
275
274
276
274
274
277
277
280
285
285
286
287
293
295
295
296
294
294
294
293
296
297
296
297
298
293
288
286
287
285
281
280
279
277
276
278
276
276
276
276
276
278
280
281
284
284
285
286
282
282
284
283
283
280
278
275
274
275
272
271
271
269
264
266
265
265
265
270
276
277
281
283
283
283
285
282
284
284
281
283
280
278
279
279
279
278
277
281
279
281
284
284
287
289
291
295
292
293
292
292
294
293
292
295
296
294
292
291
286
282
280
281
278
276
275
279
280
278
277
278
280
281
283
284
284
283
285
283
281
277
274
276
277
274
276
272
268
267
269
269
269
270
271
273
274
275
275
276
282
282
284
285
287
284
283
284
282
280
280
277
277
277
277
279
278
280
280
283
284
284
287
290
291
292
294
297
298
297
298
299
298
299
301
302
300
296
297
295
294
291
285
282
279
275
275
273
273
274
274
273
272
274
276
276
278
280
280
279
278
275
272
271
269
268
264
260
261
259
258
256
254
252
253
255
253
252
255
256
257
257
260
264
263
262
263
260
259
259
258
257
257
255
252
251
251
250
254
255
256
260
263
263
263
263
267
270
271
274
272
271
273
272
274
274
273
271
270
268
268
271
271
268
269
265
263
263
261
260
260
259
260
262
261
262
262
263
262
261
260
260
259
257
255
250
244
241
239
236
230
231
227
226
227
230
229
229
227
226
228
233
235
234
238
241
240
239
237
235
235
236
237
235
235
235
236
238
239
243
247
248
250
251
255
256
256
256
257
259
259
262
264
263
268
269
270
271
269
264
262
256
255
254
254
251
249
249
249
252
254
255
256
256
256
260
260
260
258
257
257
256
253
249
250
246
243
240
239
240
239
236
237
237
240
246
248
251
251
252
252
252
252
252
255
254
253
251
253
250
249
249
247
247
246
250
251
256
258
259
259
259
262
265
267
270
273
277
279
280
281
280
280
280
283
284
283
286
280
280
278
275
274
272
270
267
268
268
266
266
267
269
270
270
273
274
275
274
274
277
273
272
269
266
265
265
260
257
255
255
254
254
252
253
249
247
251
252
254
255
255
255
257
258
260
262
261
259
261
259
257
255
259
258
260
261
263
263
263
262
265
265
267
271
275
273
275
277
277
277
277
278
280
280
279
280
279
276
277
274
272
271
267
264
261
256
254
254
252
253
251
251
251
254
254
255
256
256
256
257
253
252
251
248
248
243
243
243
240
242
239
238
236
237
239
238
237
238
239
241
244
246
245
245
243
245
248
246
246
245
245
247
245
247
249
251
252
255
259
260
260
265
268
273
277
278
279
279
280
281
282
280
278
279
280
281
280
281
279
280
280
277
276
279
277
273
273
270
270
269
268
267
267
270
271
273
276
276
273
271
275
276
271
269
268
268
262
262
258
254
255
255
254
253
252
247
246
246
246
250
255
253
253
257
256
257
255
255
255
256
256
253
255
255
257
258
257
257
259
260
262
263
263
264
264
264
264
264
266
265
267
270
267
267
268
268
268
266
263
261
263
261
259
259
256
254
254
258
256
259
259
259
258
258
258
260
263
261
261
266
263
261
262
261
256
255
253
249
250
249
249
253
254
254
253
253
254
257
261
263
263
262
260
262
264
261
259
260
260
262
260
262
262
262
262
264
264
266
269
270
271
273
272
274
275
276
278
279
280
276
276
278
279
280
283
282
280
278
275
270
269
262
259
258
254
251
250
249
249
248
248
247
249
250
252
250
251
249
250
250
250
252
251
252
249
249
249
246
244
242
242
239
239
239
240
239
239
243
241
243
246
244
243
248
249
248
247
248
248
247
247
251
253
250
252
255
254
256
257
260
262
264
263
267
267
270
269
271
273
273
273
274
274
277
278
280
283
280
283
283
282
280
278
275
272
270
268
269
265
266
267
272
274
275
278
275
278
279
281
280
280
278
278
279
275
271
271
270
272
271
269
271
268
268
268
273
275
274
273
276
277
279
280
280
280
281
284
282
282
283
282
281
284
285
287
288
291
293
294
294
296
299
301
304
304
307
307
310
311
309
310
311
312
312
312
312
309
305
302
303
305
304
299
298
294
294
293
289
287
291
289
292
293
294
293
296
294
293
293
291
293
291
289
287
285
284
281
271
269
267
263
264
265
265
266
269
268
270
271
273
273
275
277
278
279
275
276
273
270
272
272
271
276
277
275
276
274
273
274
278
280
280
281
283
285
290
290
294
298
298
298
297
295
296
294
297
296
298
295
291
286
285
283
280
277
272
270
266
266
268
266
266
264
265
267
269
270
271
271
269
269
269
269
266
262
260
257
251
248
247
246
245
243
243
243
244
246
249
251
253
257
259
258
258
258
255
255
255
254
253
250
249
253
253
254
254
253
253
253
255
255
257
259
261
263
264
265
266
265
266
265
269
271
268
270
273
273
272
268
266
265
263
262
257
259
258
256
254
252
254
257
259
261
263
266
266
266
264
265
264
263
263
262
262
259
257
256
255
252
253
253
251
248
246
245
246
248
250
251
252
252
255
254
256
256
256
253
252
252
253
254
254
255
255
254
253
254
256
256
260
260
260
262
264
267
267
268
272
272
271
274
274
276
276
277
273
272
274
272
271
269
268
266
266
265
264
265
266
269
270
272
271
272
273
274
276
280
282
285
287
284
285
281
279
279
278
275
271
267
268
268
267
265
264
268
266
270
272
280
279
279
281
283
285
282
284
286
283
281
280
279
279
277
277
276
274
273
276
279
280
283
285
289
289
295
298
303
305
304
305
304
304
302
304
304
301
297
297
293
291
286
285
282
281
280
280
278
278
275
273
274
272
272
274
274
276
280
279
277
276
277
278
277
277
276
275
276
273
272
272
271
271
273
276
278
281
281
283
287
287
286
288
292
294
291
292
292
291
290
289
289
290
288
286
288
288
293
294
295
298
298
300
299
299
299
303
304
305
304
307
310
308
305
305
306
306
307
306
302
302
296
293
291
287
283
284
284
279
279
279
282
282
283
287
286
287
291
295
298
296
295
294
293
295
295
297
297
291
286
287
286
288
286
287
288
288
288
287
288
291
294
297
298
298
301
300
299
298
296
298
295
297
297
298
299
300
300
302
301
302
303
304
307
309
312
315
315
314
314
317
316
317
318
320
321
320
320
316
316
315
312
310
306
307
305
301
299
295
291
289
290
292
295
294
296
298
299
297
300
299
300
299
297
296
295
291
288
287
287
284
284
282
277
276
273
272
272
275
275
277
278
279
284
287
286
288
285
285
281
282
282
280
280
279
276
277
275
275
276
278
280
282
284
285
285
287
289
292
293
295
299
300
299
302
302
305
301
303
302
299
299
297
294
293
290
294
291
288
289
287
285
282
280
277
278
281
286
286
291
288
289
290
285
284
282
284
284
282
281
279
281
281
283
283
284
286
285
285
285
286
288
288
290
292
292
288
288
289
288
287
287
284
284
281
284
286
286
288
292
293
293
293
295
298
300
302
304
305
307
306
304
304
303
300
301
302
300
298
300
300
297
292
289
290
286
283
282
279
278
277
280
281
280
284
284
286
285
284
284
282
281
279
276
273
274
272
268
268
263
260
263
262
259
260
258
259
259
259
256
260
261
260
261
262
261
261
257
254
254
253
254
253
254
254
252
253
254
255
256
256
259
259
262
263
263
263
268
271
270
269
271
276
277
275
276
275
275
275
271
268
268
266
264
265
264
264
261
259
259
262
262
264
265
265
268
270
271
273
276
274
272
274
271
269
269
265
262
259
256
255
252
245
246
248
248
250
251
251
253
258
260
260
259
261
261
263
260
263
263
262
261
259
259
261
261
262
262
265
269
269
273
273
274
276
278
281
282
285
288
289
291
291
289
291
293
292
291
293
291
288
287
284
284
286
284
281
280
279
278
278
278
279
279
280
281
287
289
289
291
289
287
290
291
291
290
289
288
284
281
279
275
277
275
275
276
275
274
274
276
275
276
280
279
278
277
275
275
274
276
273
270
269
273
273
272
274
275
276
276
277
278
279
280
282
283
283
283
284
281
283
284
286
284
282
284
283
283
286
285
282
283
280
279
281
279
279
276
274
274
275
274
276
276
278
277
280
282
283
286
283
286
282
278
275
275
276
274
272
271
271
267
264
264
265
265
263
260
260
260
263
265
267
267
268
269
271
277
278
277
277
275
276
276
275
274
272
272
271
271
274
275
278
281
282
283
283
283
283
282
280
278
283
285
284
286
284
283
290
287
284
282
281
282
286
286
287
289
289
290
292
293
294
293
293
295
296
297
298
302
300
297
297
294
291
288
284
279
278
275
271
273
276
276
276
278
276
278
281
279
284
285
288
286
289
290
289
289
289
289
290
289
290
289
287
286
288
289
290
292
292
292
292
292
296
296
299
299
298
298
300
300
302
304
305
304
303
302
300
299
297
297
295
293
290
290
288
285
287
287
287
288
289
293
294
297
298
299
299
302
301
303
303
302
303
299
296
295
295
291
289
286
283
280
279
277
281
276
278
279
280
277
277
281
282
283
281
279
279
277
276
274
276
275
276
277
276
274
279
281
282
285
286
289
294
294
295
296
298
295
297
297
300
301
300
300
302
300
299
297
295
292
293
290
289
288
286
285
283
282
284
283
285
283
283
282
287
287
289
290
292
292
293
288
286
285
281
279
274
274
273
275
274
272
271
271
268
269
268
270
273
277
280
281
280
280
279
277
275
277
275
276
275
274
274
276
276
278
278
278
279
279
280
283
289
292
292
293
296
294
291
293
293
294
296
294
295
296
294
294
293
292
292
290
289
287
283
283
280
281
280
277
279
279
281
281
282
285
284
283
283
283
281
277
274
274
267
263
264
261
265
264
261
261
258
258
255
254
255
257
258
258
261
262
262
261
261
263
261
262
263
259
261
260
260
261
261
259
259
257
255
257
257
258
259
261
261
260
260
258
261
262
263
263
261
262
264
263
264
260
258
254
250
248
245
245
244
243
238
236
236
236
236
236
239
241
243
246
248
249
247
248
247
246
244
244
240
241
240
237
236
233
233
230
228
230
232
231
235
237
240
242
243
241
245
243
242
242
237
236
237
237
240
243
243
242
240
239
240
243
245
246
246
247
248
249
250
250
249
250
251
252
254
253
253
252
254
253
250
249
248
247
246
245
245
244
240
237
240
238
238
239
239
240
243
248
249
253
251
254
254
253
253
256
254
255
254
253
256
251
252
252
252
251
252
252
251
250
252
252
253
255
256
256
258
262
264
262
262
261
261
257
257
260
259
260
265
264
264
266
271
271
272
274
277
278
281
288
289
288
290
291
292
292
293
291
292
293
290
288
286
287
287
291
289
291
290
285
287
285
289
288
286
288
288
286
289
294
295
297
295
293
294
293
295
293
287
288
288
285
284
281
281
284
283
284
287
289
291
294
295
298
301
304
304
304
302
300
301
296
295
296
295
293
291
292
292
292
293
291
294
293
295
296
298
299
301
300
302
300
302
304
303
302
301
302
301
302
301
299
298
295
293
290
288
286
285
280
281
279
282
285
285
290
289
293
294
295
294
296
294
295
292
291
288
286
285
282
283
281
281
277
276
276
275
278
277
276
276
275
277
276
279
278
281
281
278
274
277
274
274
272
272
274
270
269
270
269
272
273
272
272
270
270
273
276
275
275
276
279
279
276
277
279
281
281
281
282
279
278
279
276
273
270
266
262
259
258
256
255
257
254
255
258
258
259
262
261
258
258
256
257
255
253
247
247
245
244
241
237
240
235
233
233
233
231
237
237
238
239
238
239
236
235
237
236
237
235
232
232
228
229
228
227
228
224
222
222
223
222
223
224
226
231
234
239
241
241
244
248
250
249
248
250
253
251
249
249
248
251
250
249
247
247
245
241
241
240
238
238
239
245
247
247
247
252
256
258
258
257
254
255
256
254
253
248
246
241
240
240
242
242
242
241
241
243
241
243
243
244
244
246
249
250
248
250
248
247
244
244
243
243
241
244
243
243
247
247
247
248
249
251
255
259
260
263
264
264
266
270
270
270
271
271
274
273
273
272
268
266
263
266
263
261
259
260
261
261
260
261
263
263
264
265
266
266
267
268
272
274
270
266
268
268
270
269
262
260
257
257
251
248
248
248
249
252
254
254
257
259
263
266
268
268
270
269
270
271
267
266
268
266
265
267
268
267
269
273
274
277
279
280
284
284
284
287
289
290
291
293
291
290
290
289
289
289
289
289
286
287
283
279
277
277
278
274
276
277
277
278
279
278
278
281
280
281
283
285
285
285
285
284
282
278
277
276
272
269
270
268
266
268
267
270
272
273
272
276
280
284
285
285
289
291
290
291
289
287
289
290
289
287
287
286
286
287
286
290
289
291
292
294
297
298
299
301
303
305
305
302
303
306
305
306
307
306
309
305
302
300
298
300
298
299
297
297
296
295
294
293
294
294
293
293
293
294
295
295
293
293
292
290
288
288
285
283
278
276
279
276
276
279
278
281
282
283
281
281
286
286
287
290
292
297
296
295
297
297
299
298
303
301
300
299
298
300
303
305
307
310
310
313
317
320
321
324
325
326
325
322
325
324
325
325
327
326
326
325
326
323
321
320
313
313
312
314
316
316
314
313
312
312
312
314
315
313
315
314
317
316
319
317
316
312
312
311
312
308
308
305
305
306
308
309
309
307
308
307
307
307
306
311
311
312
314
313
310
309
306
305
308
304
305
303
301
299
295
296
299
300
302
300
303
305
309
312
311
311
311
312
316
317
317
315
315
314
313
312
311
313
310
309
307
303
299
295
294
295
292
290
294
299
299
298
300
300
302
299
301
301
299
296
297
292
293
290
285
281
280
274
273
272
271
267
268
270
271
275
276
275
279
281
282
287
288
289
288
290
287
291
289
290
288
286
286
285
285
286
288
287
289
289
290
293
295
294
296
297
300
297
298
296
297
298
297
299
301
301
300
301
299
300
301
297
294
290
290
287
283
281
281
280
280
278
278
275
277
276
275
279
278
276
277
272
271
271
268
264
264
265
263
260
257
255
255
252
253
255
256
256
259
261
261
260
265
266
267
266
265
265
263
262
258
258
264
262
264
268
272
271
275
276
278
279
280
282
285
291
292
292
291
291
294
294
291
292
293
292
297
295
291
290
285
281
279
274
274
271
273
273
277
277
278
281
286
292
295
299
297
298
296
298
297
291
290
292
291
290
285
285
284
283
283
284
283
283
287
287
292
292
293
294
296
297
296
297
297
296
295
296
301
299
298
296
301
300
302
304
303
302
304
305
305
307
307
307
308
309
309
311
311
310
310
310
311
309
309
310
309
306
306
304
301
303
304
301
297
299
299
298
298
302
306
306
305
308
309
310
310
309
308
308
304
304
301
301
300
298
296
295
294
296
299
300
300
298
299
298
300
304
305
303
302
304
301
299
299
300
298
298
295
292
290
289
287
289
286
287
286
285
285
286
287
289
290
292
295
294
295
296
297
297
294
296
295
295
298
296
296
295
291
289
285
284
281
282
280
279
275
277
278
277
276
277
279
283
285
288
288
288
288
289
286
283
280
277
269
267
265
261
258
261
259
260
260
261
260
260
261
262
263
267
265
265
264
264
259
259
258
254
253
254
252
252
254
253
251
251
254
253
260
261
260
261
260
265
265
268
267
264
268
269
267
269
268
270
268
272
268
267
267
264
260
258
255
254
255
254
253
258
259
263
264
265
268
273
273
275
275
275
276
274
272
271
271
270
269
265
263
260
260
257
253
257
260
258
257
256
256
256
255
253
251
252
252
256
259
260
259
258
256
257
257
256
256
260
260
259
259
259
261
264
265
267
269
271
270
271
270
272
269
268
271
271
272
271
273
273
273
273
269
269
267
268
267
266
264
265
264
264
266
265
266
265
266
268
270
273
273
275
275
276
275
274
272
272
271
271
267
265
267
263
258
262
263
265
266
268
268
268
271
271
271
271
272
271
272
270
269
272
270
266
267
268
265
264
262
261
261
260
262
262
262
262
264
266
270
272
273
275
273
273
274
273
273
273
273
274
272
269
265
264
259
260
258
256
256
254
255
261
261
266
268
269
269
271
270
271
269
273
270
268
269
267
266
267
263
260
258
255
259
258
259
260
262
262
262
262
264
266
269
271
272
273
275
274
272
274
273
274
273
270
270
269
271
271
271
271
268
267
269
272
271
271
273
272
272
274
275
276
276
276
279
281
281
280
282
281
279
277
274
271
270
269
268
266
265
260
259
260
260
263
264
265
267
268
269
272
272
271
267
271
270
270
268
265
264
261
260
257
255
258
257
260
262
264
263
264
264
263
264
263
263
261
264
265
263
264
263
263
263
263
265
266
266
269
274
