41
197 12 16 23 26 
158 2 4 
159 1 8 
166 23 
173 1 9 12 
174 11 
175 7 9 13 
176 6 8 17 
177 2 7 10 15 
179 4 6 
180 8 11 14 
181 5 10 18 
185 4 13 0 
186 6 12 16 
189 10 15 19 
190 8 14 21 
194 13 0 17 
198 7 16 21 
199 11 19 22 27 
203 14 18 21 
204 22 
207 15 17 19 24 
208 18 20 28 
210 3 0 40 
211 21 32 
216 26 30 
217 0 25 29 
218 18 28 31 
220 22 27 
230 26 30 39 
231 25 29 32 34 
232 27 32 36 
233 24 30 31 35 
244 34 37 
245 30 33 35 
246 32 34 36 38 
247 31 35 
255 33 38 39 
257 35 37 
258 29 37 
259 23 
