0 1 0 27 
0 34 27 36 
1 4 36 55 
1 20 55 63 
2 5 63 69 
2 3 69 78 
2 12 78 80 
3 4 80 84 
3 14 84 86 
4 15 86 88 
5 7 88 93 
5 17 93 96 
6 9 96 107 
6 10 107 115 
6 26 115 122 
7 10 122 132 
7 21 132 139 
8 11 139 147 
8 13 147 149 
9 11 149 158 
9 29 158 165 
10 19 165 171 
11 25 171 178 
12 17 178 184 
12 22 184 188 
13 31 188 193 
13 32 193 200 
14 15 200 204 
14 24 204 208 
15 16 208 214 
16 23 214 218 
17 28 218 222 
18 19 222 230 
18 27 230 231 
19 33 231 231 
20 23 231 243 
20 36 243 259 
20 44 259 267 
21 27 267 269 
21 28 269 274 
21 49 274 282 
22 24 282 292 
22 28 292 298 
22 41 298 302 
23 24 302 312 
23 48 312 320 
24 43 320 327 
25 29 327 336 
25 32 336 339 
26 29 339 349 
26 30 349 352 
26 56 352 360 
27 33 360 368 
28 50 368 376 
29 59 376 386 
30 33 386 391 
30 52 391 398 
31 32 398 403 
31 35 403 403 
32 37 403 405 
33 53 405 413 
34 39 413 414 
35 37 414 422 
35 42 422 426 
36 38 426 433 
37 45 433 440 
38 39 440 443 
38 76 443 460 
39 78 460 478 
40 41 478 481 
40 46 481 483 
41 51 483 485 
42 45 485 499 
42 66 499 505 
43 46 505 511 
43 47 511 516 
43 83 516 526 
44 48 526 536 
44 80 536 546 
45 61 546 550 
46 51 550 553 
47 48 553 556 
47 60 556 558 
48 62 558 561 
49 50 561 566 
49 55 566 569 
50 51 569 575 
50 82 575 584 
51 87 584 594 
52 54 594 595 
52 56 595 599 
53 54 599 601 
53 55 601 608 
53 86 608 617 
54 63 617 619 
55 90 619 628 
56 57 628 631 
56 67 631 634 
57 58 634 636 
57 64 636 637 
58 59 637 638 
58 64 638 640 
59 61 640 645 
59 68 645 649 
59 81 649 656 
60 62 656 659 
60 77 659 665 
61 65 665 678 
63 71 678 680 
64 68 680 681 
64 69 681 685 
65 66 685 689 
65 70 689 690 
66 91 690 695 
67 69 695 696 
68 73 696 699 
68 92 699 703 
69 74 703 707 
70 72 707 719 
71 74 719 720 
72 88 720 722 
73 75 722 725 
74 89 725 727 
75 97 727 728 
76 78 728 729 
76 80 729 747 
77 83 747 753 
77 84 753 753 
78 236 753 781 
79 92 781 781 
79 95 781 785 
79 99 785 787 
80 85 787 793 
81 88 793 796 
81 92 796 801 
82 87 801 807 
82 90 807 817 
82 107 817 820 
83 87 820 829 
83 115 829 834 
84 85 834 838 
84 121 838 845 
85 136 845 854 
86 89 854 856 
86 90 856 863 
86 105 863 866 
87 114 866 871 
88 94 871 876 
89 97 876 878 
89 98 878 878 
90 106 878 881 
91 93 881 885 
91 110 885 889 
92 99 889 890 
93 96 890 895 
93 108 895 898 
94 96 898 899 
94 101 899 901 
95 97 901 902 
95 103 902 904 
96 101 904 905 
97 100 905 907 
98 100 907 908 
98 104 908 910 
99 131 910 916 
100 102 916 917 
100 109 917 918 
101 112 918 920 
102 103 920 922 
102 111 922 923 
103 123 923 927 
104 105 927 927 
105 106 927 934 
105 117 934 936 
105 119 936 939 
106 107 939 948 
106 113 948 949 
107 116 949 950 
108 110 950 955 
108 112 955 960 
109 111 960 962 
109 117 962 964 
110 127 964 967 
111 120 967 967 
112 130 967 970 
113 116 970 979 
113 139 979 984 
114 115 984 994 
114 116 994 1000 
114 137 1000 1005 
115 122 1005 1007 
116 138 1007 1012 
117 118 1012 1013 
117 124 1013 1015 
117 133 1015 1018 
118 120 1018 1021 
118 126 1021 1023 
119 125 1023 1024 
120 128 1024 1026 
121 122 1026 1033 
122 140 1033 1035 
123 128 1035 1038 
123 134 1038 1040 
124 126 1040 1040 
124 142 1040 1042 
125 145 1042 1044 
126 132 1044 1045 
127 129 1045 1048 
127 156 1048 1053 
128 132 1053 1055 
129 130 1055 1062 
129 157 1062 1066 
130 131 1066 1086 
130 166 1086 1091 
131 134 1091 1092 
131 159 1092 1096 
132 141 1096 1098 
133 143 1098 1100 
135 136 1100 1104 
135 147 1104 1105 
137 138 1105 1110 
137 140 1110 1120 
138 146 1120 1123 
138 148 1123 1124 
139 144 1124 1126 
139 145 1126 1129 
139 151 1129 1130 
140 147 1130 1136 
140 214 1136 1148 
141 142 1148 1148 
142 143 1148 1150 
142 155 1150 1152 
143 145 1152 1152 
143 152 1152 1153 
144 146 1153 1155 
144 149 1155 1156 
145 151 1156 1159 
146 153 1159 1160 
148 150 1160 1168 
148 153 1168 1171 
148 168 1171 1173 
149 151 1173 1174 
149 153 1174 1177 
150 165 1177 1178 
151 154 1178 1182 
152 162 1182 1184 
152 200 1184 1192 
153 170 1192 1194 
154 170 1194 1196 
155 161 1196 1199 
155 182 1199 1203 
156 157 1203 1206 
156 192 1206 1213 
157 166 1213 1219 
158 159 1219 1228 
158 173 1228 1231 
159 160 1231 1235 
159 177 1235 1238 
160 161 1238 1242 
161 178 1242 1246 
162 163 1246 1249 
163 171 1249 1251 
164 168 1251 1252 
164 172 1252 1253 
165 172 1253 1257 
166 210 1257 1264 
167 169 1264 1277 
167 191 1277 1287 
168 191 1287 1292 
168 193 1292 1297 
170 184 1297 1300 
170 171 1300 1302 
171 183 1302 1305 
173 179 1305 1305 
173 185 1305 1306 
174 178 1306 1307 
174 181 1307 1309 
174 187 1309 1310 
175 176 1310 1313 
175 179 1313 1313 
175 186 1313 1313 
176 177 1313 1315 
176 198 1315 1318 
177 180 1318 1320 
177 190 1320 1321 
178 188 1321 1322 
180 181 1322 1324 
180 189 1324 1325 
181 199 1325 1328 
182 195 1328 1331 
183 213 1331 1334 
184 193 1334 1335 
185 186 1335 1337 
185 197 1337 1339 
186 194 1339 1340 
187 188 1340 1341 
188 204 1341 1342 
189 190 1342 1345 
189 203 1345 1346 
190 207 1346 1347 
192 210 1347 1358 
192 254 1358 1366 
193 209 1366 1369 
193 212 1369 1370 
193 213 1370 1373 
193 237 1373 1378 
194 197 1378 1380 
194 198 1380 1382 
195 205 1382 1383 
195 208 1383 1385 
196 202 1385 1386 
196 214 1386 1393 
197 210 1393 1405 
197 217 1405 1405 
198 207 1405 1407 
199 203 1407 1407 
199 208 1407 1410 
199 218 1410 1411 
200 205 1411 1414 
200 206 1414 1418 
201 206 1418 1420 
201 213 1420 1423 
201 215 1423 1424 
202 209 1424 1426 
202 219 1426 1427 
203 207 1427 1430 
204 208 1430 1430 
204 253 1430 1437 
205 242 1437 1442 
206 221 1442 1443 
207 211 1443 1443 
208 220 1443 1444 
209 224 1444 1446 
210 259 1446 1454 
211 233 1454 1456 
212 222 1456 1458 
213 215 1458 1461 
214 225 1461 1461 
214 227 1461 1470 
215 221 1470 1471 
215 223 1471 1472 
216 217 1472 1474 
216 231 1474 1476 
217 230 1476 1478 
218 220 1478 1481 
218 232 1481 1482 
219 225 1482 1492 
219 226 1492 1492 
220 228 1492 1493 
221 229 1493 1495 
222 223 1495 1496 
223 238 1496 1501 
223 243 1501 1503 
224 226 1503 1505 
225 241 1505 1507 
227 250 1507 1518 
228 232 1518 1521 
229 249 1521 1524 
230 231 1524 1526 
230 258 1526 1529 
231 233 1529 1534 
231 245 1534 1536 
232 233 1536 1540 
232 247 1540 1542 
233 246 1542 1543 
234 235 1543 1548 
234 236 1548 1558 
235 250 1558 1560 
236 256 1560 1562 
237 239 1562 1564 
237 243 1564 1569 
237 264 1569 1573 
238 251 1573 1574 
239 240 1574 1578 
239 265 1578 1582 
240 241 1582 1590 
240 260 1590 1594 
241 271 1594 1601 
242 248 1601 1605 
242 262 1605 1608 
243 267 1608 1613 
244 245 1613 1614 
244 255 1614 1615 
245 246 1615 1620 
246 247 1620 1624 
246 257 1624 1625 
248 249 1625 1626 
249 251 1626 1626 
249 263 1626 1628 
250 252 1628 1633 
250 304 1633 1652 
251 268 1652 1656 
252 256 1656 1666 
252 294 1666 1679 
253 257 1679 1689 
254 259 1689 1700 
254 274 1700 1706 
255 257 1706 1713 
255 258 1713 1714 
256 295 1714 1727 
257 275 1727 1733 
259 269 1733 1736 
260 265 1736 1741 
260 279 1741 1746 
261 262 1746 1748 
261 266 1748 1749 
263 270 1749 1753 
264 265 1753 1755 
264 276 1755 1759 
266 280 1759 1763 
267 268 1763 1769 
267 278 1769 1772 
268 272 1772 1774 
269 286 1774 1780 
270 283 1780 1782 
271 303 1782 1794 
272 273 1794 1797 
273 277 1797 1798 
274 296 1798 1807 
275 280 1807 1815 
275 290 1815 1821 
276 278 1821 1826 
276 279 1826 1833 
276 284 1833 1835 
277 278 1835 1837 
277 289 1837 1842 
278 285 1842 1844 
279 298 1844 1853 
281 282 1853 1855 
281 283 1855 1859 
281 287 1859 1862 
282 292 1862 1867 
284 285 1867 1871 
284 293 1871 1874 
285 289 1874 1876 
286 288 1876 1879 
287 291 1879 1880 
288 290 1880 1897 
289 293 1897 1902 
289 301 1902 1906 
290 291 1906 1924 
290 297 1924 1927 
291 299 1927 1931 
292 300 1931 1935 
293 302 1935 1939 
294 295 1939 1949 
294 305 1949 1953 
295 306 1953 1957 
296 297 1957 1992 
297 299 1992 2011 
298 302 2011 2018 
298 303 2018 2022 
299 300 2022 2028 
300 301 2028 2028 
301 302 2028 2035 
303 304 2035 2055 
304 305 2055 2064 
305 306 2064 2074 
