79
207 38 42 46 52 
79 2 3 4 
92 1 4 
95 1 6 
99 1 2 12 
102 6 7 
103 3 5 9 
111 5 8 
120 7 11 
123 6 11 14 
126 13 
128 8 9 13 
131 4 14 20 
132 10 11 15 
134 9 12 
141 13 16 
142 15 18 
152 44 
155 16 22 32 
158 20 23 
159 12 19 21 27 
160 20 22 
161 18 21 28 
173 19 29 33 
174 28 31 35 
175 26 29 34 
176 25 27 42 
177 20 26 30 38 
178 22 24 36 
179 23 25 
180 27 31 37 
181 24 30 43 
182 18 40 
185 23 34 41 
186 25 33 39 
187 24 36 
188 28 35 47 
189 30 38 46 
190 27 37 0 
194 34 41 42 
195 32 48 50 
197 33 39 51 54 
198 26 39 0 
199 31 46 50 55 
200 17 48 49 
201 49 
203 37 43 0 
204 36 50 70 
205 40 44 63 
206 44 45 57 
208 40 43 47 56 
210 41 
211 0 62 
216 54 60 
217 41 53 59 
218 43 56 61 
220 50 55 58 
221 49 
228 56 61 
230 54 60 73 
231 53 59 62 65 
232 55 58 62 67 
233 52 60 61 66 
242 48 68 74 
244 65 71 
245 60 64 66 
246 62 65 67 72 
247 61 66 
248 63 69 
249 68 
253 47 72 
255 64 72 73 
257 66 70 71 75 
258 59 71 
262 63 
275 72 76 77 
280 75 
290 75 78 
297 77 
