56
148 10 20 23 30 
82 3 
106 3 4 
107 1 2 6 
113 2 6 11 
114 6 9 
116 3 4 5 10 
125 17 
133 15 
137 5 10 12 
138 6 9 18 0 
139 4 16 17 21 
140 9 
141 14 
142 13 15 
143 8 14 17 22 
144 11 18 19 
145 7 11 15 21 
146 10 16 23 
149 16 21 23 
150 0 28 
151 11 17 19 24 
152 15 25 
153 18 0 19 31 
154 21 31 
162 22 26 
163 25 32 
164 30 33 
165 20 33 
167 36 
168 0 27 36 37 
170 23 24 32 35 
171 26 31 34 
172 27 28 
183 32 44 
184 31 37 
191 29 30 
193 30 35 42 43 44 52 
196 40 
201 41 44 45 
202 38 42 46 
206 39 47 
209 37 40 50 
212 37 48 
213 34 37 39 45 
215 39 44 47 49 
219 40 51 
221 41 45 
222 43 49 
223 45 48 54 
224 42 51 
226 46 50 
237 37 53 54 55 
239 52 
243 49 52 
264 52 
