69
184 29 34 
106 2 3 
107 1 4 
113 1 4 10 
116 2 3 9 
119 6 
125 5 15 
133 13 
137 9 
138 4 8 16 17 
139 3 14 15 20 
141 12 
142 11 13 
143 7 12 15 21 
144 10 16 18 
145 6 10 13 20 
146 9 14 22 
148 9 19 22 28 
149 14 20 22 
150 17 27 
151 10 15 18 23 
152 13 24 36 
153 16 17 18 29 
154 20 29 
162 21 25 
163 24 30 
164 28 31 
165 19 31 
168 17 26 33 34 
170 22 23 30 0 
171 25 29 32 
172 26 27 
183 30 43 
191 28 
193 28 0 41 42 43 54 
196 38 44 
200 21 39 40 
201 40 43 45 
202 35 41 46 
205 36 
206 36 37 47 
209 34 38 50 
212 34 48 
213 32 34 37 45 
214 35 51 
215 37 43 47 49 
219 38 51 52 
221 40 45 53 
222 42 49 
223 45 48 55 58 
224 41 52 
225 44 46 
226 46 50 
229 47 60 
237 34 56 58 64 
238 49 61 
239 54 57 65 
240 56 62 
243 49 54 66 
248 60 
249 53 59 61 63 
251 55 60 
260 57 65 
263 60 
264 54 65 67 
265 56 62 64 
267 58 
276 64 68 
284 67 
