63
55 17 21 39 
5 2 4 
7 1 3 7 
10 2 6 
17 1 11 
18 6 10 
19 3 5 13 
21 2 10 11 17 
22 11 15 
26 12 23 
27 5 7 13 
28 4 7 8 18 
30 9 13 20 
33 6 10 12 21 
40 15 16 
41 8 14 19 
46 14 19 
49 7 18 0 
50 11 17 19 35 
51 15 16 18 37 
52 12 22 23 
53 13 22 0 36 
54 20 21 27 
56 9 20 24 29 
57 23 25 28 
58 24 26 28 
59 25 30 
63 22 32 
64 24 25 30 31 
67 23 31 
68 26 28 
69 28 29 33 
71 27 33 
74 31 32 38 
75 41 
82 18 37 39 48 
86 21 38 39 46 
87 19 35 
89 33 36 41 42 
90 0 35 36 47 
95 41 
97 34 38 40 43 
98 38 43 45 
100 41 42 44 49 
102 43 
104 42 46 
105 36 45 47 52 54 
106 39 46 48 50 
107 35 47 51 
109 43 52 
113 47 51 56 
116 48 50 
117 46 49 53 55 
118 52 
119 46 
124 52 
139 50 58 59 62 
143 59 
144 56 60 61 
145 56 57 62 
146 58 
149 58 62 
151 56 59 61 
