43
210 13 22 24 39 
93 3 5 
94 3 4 
96 1 2 4 
101 2 3 6 
108 1 6 
112 4 5 9 
127 8 10 
129 7 9 11 
130 6 8 13 
156 7 11 22 
157 8 10 13 
158 14 
166 9 11 0 
173 12 18 19 
175 16 18 20 
176 15 17 25 
177 16 21 
179 14 15 
185 14 20 24 
186 15 19 23 
190 17 27 
192 10 0 36 
194 20 24 25 
197 19 23 0 30 
198 16 23 27 
203 27 
207 21 25 26 28 
211 27 33 
216 30 32 
217 24 29 31 
230 30 32 38 
231 29 31 33 35 
233 28 32 
244 35 37 
245 32 34 
254 22 39 
255 34 38 
258 31 37 
259 0 36 40 
269 39 41 
286 40 42 
288 41 
