53
211 33 43 
123 3 
131 3 5 
134 1 2 
158 5 8 
159 2 4 6 12 
160 5 7 
161 6 13 
173 4 14 18 
174 13 16 20 
175 11 14 19 
176 10 12 27 
177 5 11 15 23 
178 7 9 21 
179 8 10 
180 12 16 22 
181 9 15 28 
182 25 
185 8 19 26 
186 10 18 24 
187 9 21 
188 13 20 31 
189 15 23 30 
190 12 22 33 
194 19 26 27 
195 17 32 34 
197 18 24 36 
198 11 24 33 
199 16 30 34 37 
200 32 
203 22 28 33 
204 21 34 48 
205 25 29 
207 23 27 30 0 
208 25 28 31 38 
216 36 41 
217 26 35 40 
218 28 38 42 
220 34 37 39 
228 38 42 
230 36 41 51 
231 35 40 43 45 
232 37 39 43 47 
233 0 41 42 46 
244 45 49 
245 41 44 46 
246 43 45 47 50 
247 42 46 
253 31 50 
255 44 50 51 
257 46 48 49 52 
258 40 49 
275 50 
