82
209 38 43 54 
82 2 
107 1 5 
113 5 11 
114 5 9 
116 2 3 4 10 
119 7 
125 6 17 
133 15 
137 4 10 12 
138 5 9 18 19 
139 3 16 17 22 
140 9 48 
141 14 
142 13 15 
143 8 14 17 23 
144 11 18 20 
145 7 11 15 22 
146 10 16 24 
148 10 21 24 31 
149 16 22 24 
150 19 29 
151 11 17 20 25 
152 15 26 41 
153 18 19 20 32 
154 22 32 
162 23 27 
163 26 33 
164 31 34 
165 21 34 
167 37 
168 19 28 37 38 
170 24 25 33 36 
171 27 32 35 
172 28 29 
183 33 47 
184 32 38 
191 30 31 
193 31 36 0 46 47 59 
195 44 
196 43 48 
200 23 44 45 
201 45 47 49 
202 40 0 50 
205 39 41 64 
206 41 42 51 
212 38 52 
213 35 38 42 49 
214 12 40 55 57 
215 42 47 51 53 
219 43 55 56 
221 45 49 58 
222 46 53 
223 49 52 60 65 
224 0 56 
225 48 50 63 
226 50 54 
227 48 
229 51 67 
237 38 61 65 71 
238 53 68 
239 59 62 72 
240 61 63 69 
241 55 62 75 
242 44 66 
243 53 59 73 
248 64 67 
249 58 66 68 70 
251 60 67 74 
260 62 72 
263 67 
264 59 72 77 
265 61 69 71 
267 65 74 78 
268 68 73 76 
271 63 
272 74 
276 71 78 79 
278 73 77 80 
284 77 80 81 
285 78 79 
293 79 
