76
117 26 29 33 37 43 
52 3 
53 3 14 
54 1 2 4 
63 3 9 
64 7 8 
67 8 
68 5 10 17 
69 5 6 11 
71 4 11 
73 7 12 
74 8 9 15 
75 10 19 
79 17 18 21 
86 2 15 16 26 
89 11 14 19 20 
90 14 27 
92 7 13 21 
95 13 19 24 
97 12 15 18 22 
98 15 22 25 
99 13 17 41 
100 19 20 23 29 
102 22 24 30 
103 18 23 36 
104 20 26 
105 14 25 27 0 34 
106 16 26 28 31 
107 27 32 
109 22 30 0 
111 23 29 35 
113 27 32 45 
116 28 31 
118 0 35 39 
119 26 38 
120 30 33 40 
123 24 40 44 
124 0 39 47 
125 34 50 
126 33 37 42 
128 35 36 42 
131 21 44 
132 39 40 46 
133 0 48 
134 36 41 
139 31 49 50 53 
141 42 47 
142 37 46 48 57 
143 43 47 50 54 
144 45 51 52 
145 38 45 48 53 
146 49 55 
149 49 53 55 
151 45 50 52 56 
152 48 60 71 
153 51 52 62 
154 53 62 
155 47 59 67 
160 59 
161 57 58 65 
162 54 61 
163 60 63 
170 55 56 63 
171 61 62 
174 65 66 68 
178 59 64 69 
181 64 
182 57 70 
187 64 69 
188 65 68 72 
195 67 73 74 
200 54 73 
204 69 74 
205 70 71 
208 70 72 75 
220 74 
