71
131 18 33 36 44 
56 2 
57 1 3 5 
58 2 4 5 
59 3 6 11 
64 2 3 6 7 
68 4 5 8 14 
69 5 
73 6 9 
75 8 16 
79 14 15 18 
81 4 12 14 
88 11 
89 16 17 
92 6 10 11 18 
95 10 16 21 
97 9 13 15 19 
98 13 19 22 
99 10 14 0 
100 16 17 20 24 
102 19 21 25 
103 15 20 29 
104 17 23 
105 22 26 
109 19 25 26 
111 20 24 28 
117 23 24 27 30 35 
118 26 28 31 
120 25 27 32 
123 21 32 36 
124 26 31 38 
126 27 30 34 
128 28 29 34 
130 0 
132 31 32 37 
133 26 39 
134 29 0 
141 34 38 
142 30 37 39 42 
143 35 38 40 41 
145 39 
152 39 
155 38 46 
158 44 47 
159 0 43 45 51 
160 44 46 
161 42 45 52 
173 43 53 56 
174 52 55 58 
175 50 53 57 
176 49 51 63 
177 44 50 54 61 
178 46 48 59 
179 47 49 
180 51 55 60 
181 48 54 64 
185 47 57 
186 49 56 62 
187 48 59 
188 52 58 
189 54 61 65 
190 51 60 66 
194 57 63 
198 50 62 66 
199 55 65 68 
203 60 64 66 
207 61 63 65 67 
211 66 69 
218 64 
233 67 70 
246 69 
