60
191 27 28 
82 2 
107 1 5 
113 5 10 
114 5 8 
116 2 3 4 9 
125 14 
133 12 
137 4 9 
138 5 8 15 16 
139 3 13 14 19 
142 12 
143 7 11 14 20 
144 10 15 17 
145 6 10 12 19 
146 9 13 21 
148 9 18 21 28 
149 13 19 21 
150 16 26 
151 10 14 17 22 
152 12 23 37 
153 15 16 17 30 
154 19 30 
162 20 24 
163 23 31 
164 28 32 
165 18 32 
167 29 0 
168 16 25 0 35 
169 27 
170 21 22 31 34 
171 24 30 33 
172 25 26 
183 31 43 
184 30 35 
193 28 34 41 42 43 52 
196 39 
200 20 40 
201 40 43 44 
202 36 41 45 
206 37 38 46 
209 35 39 49 
212 35 47 
213 33 35 38 44 
215 38 43 46 48 
219 39 50 
221 40 44 51 
222 42 48 
223 44 47 53 56 
224 41 50 
226 45 49 
229 46 
237 35 54 56 58 
238 48 57 
239 52 55 59 
240 54 
243 48 52 
251 53 
264 52 59 
265 54 58 
