77
243 40 45 60 
138 4 5 
143 3 7 
145 2 6 
146 1 8 
148 1 8 14 
151 3 9 
152 2 10 25 
153 4 5 15 
154 6 15 
162 7 11 
163 10 16 
164 14 17 
165 17 
168 5 12 21 22 
170 8 9 16 20 
171 11 15 19 
172 12 13 
182 23 
183 16 34 
184 15 22 
191 14 
193 14 20 32 33 34 45 
195 18 29 31 
196 27 
200 7 29 30 
201 30 34 35 
202 24 32 36 
204 31 
205 23 25 50 
206 25 26 38 
208 23 28 37 
209 22 27 41 
212 22 39 
213 19 22 26 35 
215 26 34 38 40 
219 27 42 43 
220 31 
221 30 35 44 
222 33 40 
223 35 39 46 0 
224 32 43 
225 36 49 
226 36 41 
229 38 52 
237 22 47 0 58 
238 40 53 
239 45 48 59 
240 47 49 54 
241 42 48 
242 29 51 56 
248 50 52 
249 44 51 53 57 
251 46 52 61 
260 48 59 68 
261 56 
262 50 55 
263 52 62 
264 45 59 65 
265 47 54 58 
267 0 61 67 
268 53 60 63 
270 57 69 
272 61 64 
273 63 66 
276 58 67 68 70 
277 64 67 72 
278 60 65 66 71 
279 54 65 
283 62 
284 65 71 73 
285 67 70 72 
289 66 71 73 75 
293 70 72 76 
300 75 
301 72 74 76 
302 73 75 
