68
81 12 29 32 
9 3 
26 3 9 
29 1 2 12 
37 5 
45 4 13 
52 8 9 
53 8 28 
54 6 7 14 
56 2 6 10 18 
57 9 11 15 
58 10 12 15 
59 3 11 13 19 0 
61 5 12 16 
63 8 22 
64 10 11 19 20 
65 13 17 21 
66 16 31 
67 9 20 
68 12 15 24 32 
69 15 18 25 
70 16 23 
71 14 25 
72 21 29 
73 19 26 
74 20 22 30 
75 24 37 
79 32 35 39 
86 7 30 45 
88 23 0 34 
89 25 28 37 38 
91 17 33 
92 19 27 0 39 
93 31 36 46 
94 29 36 41 
95 27 37 43 
96 33 34 41 
97 26 30 35 40 
98 30 40 44 
99 27 32 58 
100 37 38 42 47 
101 34 36 49 
102 40 43 48 
103 35 42 53 
104 38 45 
105 28 44 50 
108 33 49 
109 40 48 50 
111 42 47 52 
112 41 46 57 
117 45 47 51 54 59 
118 50 52 55 
120 48 51 56 
123 43 56 60 
124 50 55 
126 51 54 
128 52 53 
130 49 58 63 
131 39 57 60 61 
133 50 
134 53 58 
159 58 62 65 
160 61 
166 57 
176 65 
177 61 64 66 67 
180 65 
190 65 
