80
155 34 47 58 
74 4 
75 7 
86 4 5 13 
89 1 3 7 8 
90 3 14 
95 7 11 
97 2 4 6 9 
98 4 9 12 
100 7 8 10 15 
102 9 11 16 
103 6 10 22 
104 8 13 
105 3 12 14 18 20 
106 5 13 17 
109 9 16 18 
111 10 15 21 
113 14 32 
117 13 15 19 23 29 
118 18 21 25 
119 13 24 
120 16 19 26 
123 11 26 30 
124 18 25 34 
125 20 37 
126 19 23 28 
128 21 22 28 
131 30 45 
132 25 26 33 
133 18 35 
134 22 27 
138 38 39 
139 17 36 37 41 
141 28 34 
142 23 33 35 0 
143 29 34 37 42 
144 32 38 40 
145 24 32 35 41 
146 31 36 43 
148 31 43 
149 36 41 43 
151 32 37 40 44 
152 35 48 66 
153 38 39 40 50 
154 41 50 
159 27 46 54 
160 45 47 
161 0 46 55 
162 42 49 
163 48 51 
170 43 44 51 
171 49 50 59 
174 55 57 60 
176 54 
177 45 53 56 63 
178 47 52 61 
180 54 57 62 
181 52 56 65 
182 0 64 
183 51 
187 52 61 
188 55 60 68 
189 56 63 67 
190 54 62 70 
195 58 69 71 
199 57 67 71 72 
200 42 69 
203 62 65 70 
204 61 71 78 
205 64 66 76 
207 63 67 
208 64 65 68 73 
218 65 73 75 
220 71 72 74 
228 73 75 
232 72 74 
242 69 77 79 
248 76 
253 68 
262 76 
