51
248 30 32 
155 3 
178 7 
182 1 9 
183 19 
184 8 
187 7 
188 2 6 14 
193 5 18 19 28 
195 3 15 17 
199 13 17 21 
200 15 16 
201 16 19 20 
203 10 
204 7 17 
205 9 11 30 
206 11 12 23 
208 9 10 14 22 
212 8 24 
213 4 8 12 20 
215 12 19 23 25 
218 10 22 
220 17 21 26 
221 16 20 27 
222 18 25 
223 20 24 29 31 
228 22 
229 23 32 
237 8 31 
238 25 33 
242 15 0 35 
243 25 28 38 
249 27 0 33 36 
251 29 32 39 
261 35 37 
262 30 34 
263 32 40 
266 34 45 
267 31 39 44 
268 33 38 41 
270 36 48 
272 39 42 
273 41 43 
277 42 44 
278 38 43 49 
280 37 
281 47 48 50 
282 46 
283 40 46 
285 44 
287 46 
