88
248 58 61 
124 3 
141 3 
142 1 2 4 8 
143 3 5 7 
145 4 
148 13 
152 4 10 31 
155 3 9 20 
161 8 17 
162 7 11 
163 10 15 
164 13 
168 6 12 27 
170 15 22 
171 11 14 21 
174 17 19 23 
178 9 16 24 
180 19 25 
181 16 18 30 
182 8 28 
183 15 43 
184 14 27 
187 16 24 
188 17 23 35 
189 18 26 34 
190 25 38 
193 13 22 40 42 43 55 
195 20 36 39 
196 33 
199 19 34 39 45 
200 7 36 37 
201 37 43 44 
202 29 40 46 
203 25 30 38 
204 24 39 63 
205 28 31 58 
206 31 32 48 
207 26 34 41 
208 28 30 35 47 
209 27 33 51 
211 38 
212 27 49 
213 21 27 32 44 
215 32 43 48 50 
218 30 47 54 
219 33 
220 39 45 52 
221 37 44 53 
222 42 50 
223 44 49 56 59 
224 40 
228 47 54 
229 48 61 
232 45 52 60 
237 27 57 59 67 
238 50 62 
239 55 
242 36 0 65 
243 50 55 69 
247 54 
249 53 0 62 66 
251 56 61 70 
253 35 
261 65 68 
262 58 64 
263 61 71 
264 55 74 
266 64 77 
267 59 70 76 
268 62 69 72 
270 66 80 
272 70 73 
273 72 75 
276 67 76 81 
277 73 76 84 
278 69 74 75 82 
280 68 
281 79 80 83 
282 78 86 
283 71 78 
284 74 82 
285 76 81 84 
287 78 85 
289 75 82 
291 83 87 
292 79 
299 85 
