1 14418 8046
2 11664 8010
3 8118 7974
4 9162 7992
5 9630 7992
6 7398 7956
7 4716 7956
8 6750 7956
9 1602 7938
10 3528 7902
11 5616 7920
12 2502 7902
13 8118 7668
14 1566 7650
15 9144 7650
16 9594 7650
17 10332 7650
18 7452 7596
19 6534 7290
20 5598 7254
21 11574 7164
22 6750 7146
23 8064 7146
24 10296 7182
25 9162 7146
26 2484 7110
27 4644 7110
28 6480 7128
29 7380 7128
30 3510 7110
31 5022 7110
32 1458 7092
33 2106 7074
34 5616 7110
35 14544 7020
36 1404 6984
37 13302 6984
38 2268 6858
39 14040 6840
40 14418 6840
41 8460 6642
42 8100 6606
43 1314 6480
44 9180 6318
45 11376 6318
46 2772 6282
47 8478 6300
48 9810 6300
49 10242 6318
50 6732 6282
51 7380 6264
52 8118 6282
53 5040 6264
54 5580 6246
55 5238 6210
56 6372 6210
57 4518 6192
58 4158 6084
59 3888 6066
60 3726 6012
61 9846 5976
62 3096 5958
63 10242 5922
64 5238 5886
65 4104 5868
66 1692 5832
67 1224 5814
68 4626 5814
69 4104 5688
70 4554 5634
71 1728 5652
72 5094 5634
73 3042 5508
74 4500 5508
75 5058 5454
76 4914 5346
77 13050 5346
78 9846 5292
79 13266 5292
80 4194 5238
81 11142 5274
82 3474 5238
83 7434 5256
84 9162 5256
85 9972 5256
86 10458 5238
87 5616 5220
88 8118 5220
89 3042 5220
90 5274 5202
91 6372 5220
92 1080 5202
93 4050 5202
94 1548 5184
95 2394 5184
96 4716 5184
97 2196 5166
98 4932 5184
99 5292 5058
100 4104 5004
101 5130 4968
102 2160 4950
103 4986 4896
104 4662 4878
105 5508 4878
106 5634 4860
107 6408 4860
108 7398 4842
109 1566 4788
110 5274 4788
111 990 4752
112 4968 4680
113 2124 4662
114 6390 4662
115 8082 4662
116 9162 4662
117 7398 4662
118 5562 4608
119 5346 4572
120 5886 4554
121 4986 4572
122 10008 4446
123 9198 4392
124 4590 4356
125 5598 4356
126 5994 4356
127 5472 4356
128 900 4338
129 5004 4302
130 1278 4266
131 2088 4266
132 4140 4284
133 5292 4284
134 5832 4284
135 4338 4248
136 9954 4230
137 10422 4230
138 8046 4104
139 7416 4104
140 6390 4086
141 9180 4086
142 5508 4068
143 5616 4050
144 5922 4050
145 6678 4050
146 6030 4050
147 6984 4050
148 9882 4032
149 7452 3888
150 6642 3852
151 8316 3888
152 6408 3852
153 5868 3834
154 7020 3852
155 6840 3726
156 5580 3780
157 810 3762
158 1242 3744
159 3114 3762
160 4140 3744
161 4644 3762
162 5166 3780
163 6174 3726
164 6552 3690
165 7722 3636
166 8262 3654
167 1962 3636
168 8802 3618
169 7506 3618
170 10152 3618
171 7110 3582
172 6840 3546
173 7830 3528
174 3186 3366
175 4932 3348
176 3438 3330
177 3852 3330
178 4104 3348
179 5166 3330
180 3312 3348
181 4356 3348
182 4644 3330
183 5580 3312
184 7110 3276
185 7308 3186
186 3168 3186
187 3474 3186
188 4950 3186
189 5148 3168
190 4500 3150
191 4140 3132
192 7848 3132
193 630 3024
194 7452 2988
195 3456 2988
196 5364 2952
197 8352 2970
198 3132 2916
199 3798 2952
200 4626 2934
201 5976 2952
202 6768 2952
203 8118 2952
204 4518 2934
205 5166 2934
206 5544 2916
207 6516 2934
208 4104 2916
209 5058 2916
210 7812 2898
211 1818 2898
212 4104 2808
213 7308 2844
214 7128 2844
215 9162 2790
216 6696 2754
217 3456 2808
218 3132 2772
219 4608 2736
220 8118 2736
221 5022 2736
222 6516 2718
223 7074 2718
224 6858 2664
225 7740 2628
226 9180 2664
227 8082 2628
228 10188 2628
229 5004 2556
230 6282 2538
231 3114 2502
232 3456 2502
233 4590 2502
234 4104 2484
235 11970 2466
236 11376 2448
237 13068 2430
238 7434 2376
239 6336 2358
240 7740 2340
241 8262 2358
242 9198 2340
243 5526 2340
244 6840 2322
245 3294 2250
246 3474 2250
247 4122 2250
248 4590 2250
249 6012 2214
250 6156 2142
251 11304 2160
252 6282 2142
253 11952 2142
254 5148 2124
255 432 2106
256 3294 2070
257 13050 2088
258 4086 2070
259 3096 2070
260 1674 2016
261 8298 1908
262 5184 1908
263 5508 1908
264 6030 1890
265 7452 1908
266 7722 1890
267 5058 1800
268 6840 1728
269 6120 1710
270 1638 1656
271 5652 1548
272 9198 1494
273 5976 1476
274 6390 1404
275 306 1386
276 4068 1386
277 7452 1368
278 6624 1332
279 6876 1350
280 8262 1314
281 4986 1260
282 6066 1278
283 6408 1278
284 5616 1278
285 7416 1116
286 6894 1062
287 1854 1008
288 5796 936
289 2178 864
290 6768 756
291 3960 738
292 5832 738
293 6624 738
294 7416 720
295 11880 702
296 12978 684
297 216 414
298 3798 360
299 8262 288
300 5832 288
301 6516 288
302 6642 270
303 7434 270
304 8748 252
305 10872 216
306 11880 198
307 12960 162
308 14112 8042
309 13806 8038
310 13500 8034
311 13194 8030
312 12888 8026
313 12582 8022
314 12276 8018
315 11970 8014
316 14449 7789
317 14481 7533
318 14512 7276
319 11373 8007
320 11082 8004
321 10792 8002
322 10501 7999
323 10211 7997
324 9920 7994
325 11634 7728
326 11604 7446
327 7878 7968
328 7638 7962
329 8379 7978
330 8640 7983
331 8901 7987
332 9396 7992
333 9153 7821
334 9612 7821
335 7074 7956
336 7425 7776
337 4419 7942
338 4122 7929
339 3825 7915
340 5016 7944
341 5316 7932
342 4692 7674
343 4668 7392
344 6466 7947
345 6183 7938
346 5899 7929
347 6750 7686
348 6750 7416
349 1902 7926
350 2202 7914
351 3271 7902
352 3015 7902
353 2758 7902
354 3522 7638
355 3516 7374
356 5607 7587
357 2496 7638
358 2490 7374
359 7896 7644
360 7674 7620
361 8091 7407
362 1512 7371
363 1746 7458
364 1926 7266
365 9369 7650
366 9153 7398
367 9840 7650
368 10086 7650
369 10314 7416
370 7416 7362
371 6222 7278
372 5910 7266
373 11254 7168
374 10935 7173
375 10615 7177
376 11862 7134
377 12150 7104
378 12438 7074
379 12726 7044
380 13014 7014
381 11508 6882
382 11442 6600
383 7065 7137
384 6744 6858
385 6738 6570
386 8338 7146
387 8613 7146
388 8887 7146
389 7836 7140
390 7608 7134
391 8082 6876
392 10012 7173
393 9729 7164
394 9445 7155
395 10278 6894
396 10260 6606
397 9168 6870
398 9174 6594
399 2740 7110
400 2997 7110
401 3253 7110
402 2295 7092
403 4360 7110
404 4077 7110
405 3793 7110
406 4833 7110
407 4602 6804
408 4560 6498
409 6192 7122
410 5904 7116
411 7380 6840
412 7380 6552
413 3564 6835
414 3618 6561
415 3672 6286
416 5319 7110
417 5028 6828
418 5034 6546
419 1782 7083
420 5604 6822
421 5592 6534
422 1692 6942
423 1980 6900
424 1359 6732
425 13548 6936
426 13794 6888
427 2436 6666
428 2604 6474
429 14229 6840
430 13875 6591
431 13710 6342
432 13545 6093
433 13380 5844
434 13215 5595
435 14226 6582
436 14034 6324
437 13842 6066
438 13650 5808
439 13458 5550
440 8280 6624
441 8469 6471
442 1605 6440
443 1897 6400
444 2188 6361
445 2480 6321
446 1284 6258
447 1254 6036
448 8946 6312
449 8712 6306
450 9495 6309
451 9175 6052
452 9171 5787
453 9166 5521
454 11092 6318
455 10809 6318
456 10525 6318
457 11317 6057
458 11259 5796
459 11200 5535
460 2934 6120
461 8298 6291
462 10026 6309
463 10242 6120
464 7056 6273
465 6552 6246
466 7626 6270
467 7872 6276
468 7393 6012
469 7407 5760
470 7420 5508
471 8118 6016
472 8118 5751
473 8118 5485
474 4779 6228
475 5409 6228
476 5844 6234
477 6108 6222
478 5589 5989
479 5598 5733
480 5607 5476
481 6372 5880
482 6372 5550
483 4338 6138
484 4572 6003
485 3411 5985
486 3915 5850
487 3642 5754
488 3558 5496
489 10044 5949
490 9846 5748
491 9846 5520
492 2815 5932
493 2534 5907
494 2253 5882
495 1972 5857
496 4329 5751
497 1458 5823
498 1152 5508
499 4302 5598
500 4077 5445
501 4806 5544
502 2056 5616
503 2385 5580
504 2713 5544
505 4707 5427
506 12732 5334
507 12414 5322
508 12096 5310
509 11778 5298
510 11460 5286
511 9618 5280
512 9390 5268
513 13244 4974
514 13222 4656
515 13200 4338
516 13178 4020
517 13156 3702
518 13134 3384
519 13112 3066
520 13090 2748
521 4455 5211
522 10914 5262
523 10686 5250
524 3258 5229
525 3762 5220
526 7662 5244
527 7890 5232
528 7168 5247
529 6903 5238
530 6637 5229
531 7416 5049
532 8901 5247
533 8640 5238
534 8379 5229
535 9162 4959
536 10215 5247
537 9984 4986
538 9996 4716
539 10449 4986
540 10440 4734
541 10431 4482
542 5445 5211
543 5868 5220
544 6120 5220
545 5625 5040
546 8100 4941
547 2718 5202
548 5103 5193
549 6390 5040
550 1314 5193
551 1035 4977
552 1872 5175
553 1557 4986
554 4116 4764
555 4128 4524
556 4626 4617
557 5892 4860
558 6150 4860
559 5760 4707
560 6738 4854
561 7068 4848
562 1278 4770
563 1845 4725
564 5418 4698
565 945 4545
566 2106 4464
567 6642 4662
568 6894 4662
569 7146 4662
570 6390 4374
571 8352 4662
572 8622 4662
573 8892 4662
574 7854 4662
575 7626 4662
576 8064 4383
577 7407 4383
578 5697 4446
579 5166 4572
580 9738 4428
581 9468 4410
582 4797 4329
583 1089 4302
584 855 4050
585 1548 4266
586 1818 4266
587 1260 4005
588 2381 4268
589 2674 4271
590 2967 4273
591 3260 4276
592 3553 4278
593 3846 4281
594 2025 3951
595 4140 4014
596 10188 4230
597 7731 4104
598 8329 4099
599 8613 4095
600 8896 4090
601 7200 4077
602 6210 4068
603 9414 4068
604 9648 4050
605 9175 3762
606 9171 3438
607 9166 3114
608 6219 3951
609 7740 3888
610 8028 3888
611 7236 3870
612 6831 3852
613 6624 3789
614 5904 3540
615 5940 3246
616 5373 3780
617 5580 3546
618 1026 3753
619 750 3516
620 690 3270
621 1482 3708
622 1722 3672
623 3370 3757
624 3627 3753
625 3883 3748
626 3150 3564
627 4392 3753
628 4122 3546
629 4905 3771
630 5166 3555
631 6363 3708
632 8046 3591
633 1914 3390
634 1866 3144
635 9072 3618
636 9342 3618
637 9612 3618
638 9882 3618
639 8563 3496
640 8325 3375
641 8086 3253
642 7677 3375
643 7479 3303
644 7209 3384
645 6975 3411
646 3645 3330
647 3825 3141
648 4635 3132
649 5472 3132
650 7119 3060
651 4320 3141
652 927 2992
653 1224 2961
654 1521 2929
655 564 2718
656 498 2412
657 7632 2943
658 7290 2916
659 7443 2682
660 3627 2970
661 8622 2910
662 8892 2850
663 2803 2911
664 2475 2907
665 2146 2902
666 4842 2925
667 5760 2934
668 6246 2943
669 6948 2898
670 4311 2925
671 5160 2664
672 5154 2394
673 5535 2628
674 1770 2604
675 1722 2310
676 6912 2799
677 9418 2749
678 9675 2709
679 9931 2668
680 4815 2736
681 8383 2718
682 8649 2700
683 8914 2682
684 6597 2511
685 6849 2493
686 7911 2628
687 10467 2511
688 10746 2394
689 11025 2277
690 4797 2529
691 6219 2340
692 3285 2502
693 3105 2286
694 3780 2493
695 4347 2493
696 11673 2457
697 12244 2457
698 12519 2448
699 12793 2439
700 13059 2259
701 7137 2349
702 7443 2142
703 8001 2349
704 7731 2115
705 8574 2352
706 8886 2346
707 8280 2133
708 9198 2058
709 9198 1776
710 5769 2277
711 5517 2124
712 6840 2025
713 3798 2250
714 4356 2250
715 11628 2151
716 11232 1836
717 11160 1512
718 11088 1188
719 11016 864
720 10944 540
721 6201 1926
722 12226 2128
723 12501 2115
724 12775 2101
725 11937 1854
726 11923 1566
727 11908 1278
728 11894 990
729 4882 2110
730 4617 2097
731 4351 2083
732 742 2083
733 1053 2061
734 1363 2038
735 390 1866
736 348 1626
737 3558 2070
738 3822 2070
739 13035 1807
740 13021 1526
741 13006 1245
742 12992 964
743 4080 1842
744 4074 1614
745 1656 1836
746 8010 1899
747 8280 1611
748 5841 1719
749 7452 1638
750 5022 1530
751 6600 1722
752 6360 1716
753 6858 1539
754 1710 1440
755 1782 1224
756 9085 1183
757 8973 873
758 8860 562
759 6183 1440
760 276 1062
761 246 738
762 4374 1344
763 4680 1302
764 4014 1062
765 7164 1359
766 7722 1350
767 7992 1332
768 6696 1044
769 8262 1057
770 8262 801
771 8262 544
772 6237 1278
773 5841 1278
774 5931 1107
775 6516 1008
776 7155 1089
777 7416 918
778 2016 936
779 2475 843
780 2772 822
781 3069 801
782 3366 780
783 3663 759
784 7092 738
785 6705 513
786 4272 738
787 4584 738
788 4896 738
789 5208 738
790 5520 738
791 3879 549
792 5832 513
793 6570 513
794 7425 495
795 12154 697
796 12429 693
797 12703 688
798 11880 450
799 12969 423
800 541 409
801 867 404
802 1192 399
803 1518 394
804 1844 389
805 2169 384
806 2495 379
807 2821 374
808 3146 369
809 3472 364
810 4088 349
811 4379 339
812 4669 329
813 4960 318
814 5250 308
815 5541 298
816 7986 282
817 7710 276
818 8505 270
819 6060 288
820 6288 288
821 6906 270
822 7170 270
823 9051 246
824 9354 241
825 9658 236
826 9961 231
827 10265 226
828 10568 221
829 11124 211
830 11376 207
831 11628 202
832 12150 189
833 12420 180
834 12690 171
-1 -1 -1