1 308
308 309
309 310
310 311
311 312
312 313
313 314
314 315
315 2
1 316
316 317
317 318
318 35
2 319
319 320
320 321
321 322
322 323
323 324
324 5
2 325
325 326
326 21
3 327
327 328
328 6
3 329
329 330
330 331
331 4
3 13
4 332
332 5
4 333
333 15
5 334
334 16
6 335
335 8
6 336
336 18
7 337
337 338
338 339
339 10
7 340
340 341
341 11
7 342
342 343
343 27
8 344
344 345
345 346
346 11
8 347
347 348
348 22
9 349
349 350
350 12
9 14
10 351
351 352
352 353
353 12
10 354
354 355
355 30
11 356
356 20
12 357
357 358
358 26
13 359
359 360
360 18
13 361
361 23
14 362
362 32
14 363
363 364
364 33
15 365
365 16
15 366
366 25
16 367
367 368
368 17
17 369
369 24
18 370
370 29
19 371
371 372
372 20
19 28
20 34
21 373
373 374
374 375
375 24
21 376
376 377
377 378
378 379
379 380
380 37
21 381
381 382
382 45
22 28
22 383
383 29
22 384
384 385
385 50
23 386
386 387
387 388
388 25
23 389
389 390
390 29
23 391
391 42
24 392
392 393
393 394
394 25
24 395
395 396
396 49
25 397
397 398
398 44
26 399
399 400
400 401
401 30
26 402
402 33
27 403
403 404
404 405
405 30
27 406
406 31
27 407
407 408
408 57
28 409
409 410
410 34
29 411
411 412
412 51
30 413
413 414
414 415
415 60
31 416
416 34
31 417
417 418
418 53
32 419
419 33
32 36
33 38
34 420
420 421
421 54
35 40
36 422
422 423
423 38
36 424
424 43
37 425
425 426
426 39
38 427
427 428
428 46
39 429
429 40
39 430
430 431
431 432
432 433
433 434
434 77
40 435
435 436
436 437
437 438
438 439
439 79
41 440
440 42
41 441
441 47
42 52
43 442
442 443
443 444
444 445
445 46
43 446
446 447
447 67
44 448
448 449
449 47
44 450
450 48
44 451
451 452
452 453
453 84
45 454
454 455
455 456
456 49
45 457
457 458
458 459
459 81
46 460
460 62
47 461
461 52
48 462
462 49
48 61
49 463
463 63
50 464
464 51
50 465
465 56
51 466
466 467
467 52
51 468
468 469
469 470
470 83
52 471
471 472
472 473
473 88
53 55
53 474
474 57
54 475
475 55
54 476
476 477
477 56
54 478
478 479
479 480
480 87
55 64
56 481
481 482
482 91
57 483
483 58
57 484
484 68
58 59
58 65
59 60
59 65
60 485
485 62
60 486
486 69
60 487
487 488
488 82
61 489
489 63
61 490
490 491
491 78
62 492
492 493
493 494
494 495
495 66
64 72
65 69
65 496
496 70
66 497
497 67
66 71
67 498
498 92
68 70
69 499
499 74
69 500
500 93
70 501
501 75
71 502
502 503
503 504
504 73
72 75
73 89
74 505
505 76
75 90
76 98
77 79
77 506
506 507
507 508
508 509
509 510
510 81
78 511
511 512
512 84
78 85
79 513
513 514
514 515
515 516
516 517
517 518
518 519
519 520
520 237
80 93
80 521
521 96
80 100
81 522
522 523
523 86
82 524
524 89
82 525
525 93
83 526
526 527
527 88
83 528
528 529
529 530
530 91
83 531
531 108
84 532
532 533
533 534
534 88
84 535
535 116
85 536
536 86
85 537
537 538
538 122
86 539
539 540
540 541
541 137
87 542
542 90
87 543
543 544
544 91
87 545
545 106
88 546
546 115
89 547
547 95
90 548
548 98
90 99
91 549
549 107
92 550
550 94
92 551
551 111
93 100
94 552
552 97
94 553
553 109
95 97
95 102
96 98
96 104
97 102
98 101
99 101
99 105
100 554
554 555
555 132
101 103
101 110
102 113
103 104
103 112
104 556
556 124
105 106
106 557
557 558
558 107
106 118
106 559
559 120
107 560
560 561
561 108
107 114
108 117
109 562
562 111
109 563
563 113
110 112
110 564
564 118
111 565
565 128
112 121
113 566
566 131
114 567
567 568
568 569
569 117
114 570
570 140
115 571
571 572
572 573
573 116
115 574
574 575
575 117
115 576
576 138
116 123
117 577
577 139
118 119
118 125
118 578
578 134
119 579
579 121
119 127
120 126
121 129
122 580
580 581
581 123
123 141
124 582
582 129
124 135
125 127
125 143
126 146
127 133
128 583
583 130
128 584
584 157
129 133
130 585
585 586
586 131
130 587
587 158
131 588
588 589
589 590
590 591
591 592
592 593
593 132
131 594
594 167
132 135
132 595
595 160
133 142
134 144
136 596
596 137
136 148
138 597
597 139
138 598
598 599
599 600
600 141
139 601
601 147
139 149
140 145
140 602
602 146
140 152
141 603
603 604
604 148
141 605
605 606
606 607
607 215
142 143
143 144
143 156
144 146
144 153
145 147
145 150
146 608
608 152
147 154
149 609
609 610
610 151
149 611
611 154
149 169
150 152
150 612
612 154
151 166
152 613
613 155
153 163
153 614
614 615
615 201
154 171
155 171
156 616
616 162
156 617
617 183
157 618
618 158
157 619
619 620
620 193
158 621
621 622
622 167
159 623
623 624
624 625
625 160
159 626
626 174
160 627
627 161
160 628
628 178
161 629
629 162
162 630
630 179
163 631
631 164
164 172
165 169
165 173
166 632
632 173
167 633
633 634
634 211
168 635
635 636
636 637
637 638
638 170
168 639
639 640
640 641
641 192
169 642
642 192
169 643
643 194
171 644
644 185
171 172
172 645
645 184
174 180
174 186
175 179
175 182
175 188
176 646
646 177
176 180
176 187
177 178
177 647
647 199
178 181
178 191
179 189
181 182
181 190
182 648
648 200
183 649
649 196
184 650
650 214
185 194
186 187
186 198
187 195
188 189
189 205
190 651
651 191
190 204
191 208
193 652
652 653
653 654
654 211
193 655
655 656
656 255
194 657
657 210
194 213
194 658
658 214
194 659
659 238
195 198
195 660
660 199
196 206
196 209
197 203
197 661
661 662
662 215
198 663
663 664
664 665
665 211
198 218
199 208
200 204
200 666
666 209
200 219
201 667
667 206
201 668
668 207
202 207
202 669
669 214
202 216
203 210
203 220
204 670
670 208
205 209
205 671
671 672
672 254
206 673
673 243
207 222
208 212
209 221
210 225
211 674
674 675
675 260
212 234
213 223
214 676
676 216
215 226
215 677
677 678
678 679
679 228
216 222
216 224
217 218
217 232
218 231
219 680
680 221
219 233
220 681
681 682
682 683
683 226
220 227
221 229
222 230
223 224
224 684
684 239
224 685
685 244
225 686
686 227
226 242
228 687
687 688
688 689
689 251
229 690
690 233
230 691
691 250
231 692
692 232
231 693
693 259
232 694
694 234
232 246
233 695
695 234
233 248
234 247
235 696
696 236
235 697
697 698
698 699
699 237
236 251
237 700
700 257
238 240
238 701
701 244
238 702
702 265
239 252
240 703
703 241
240 704
704 266
241 705
705 706
706 242
241 707
707 261
242 708
708 709
709 272
243 710
710 249
243 711
711 263
244 712
712 268
245 246
245 256
246 713
713 247
247 714
714 248
247 258
249 250
250 252
250 264
251 715
715 253
251 716
716 717
717 718
718 719
719 720
720 305
252 721
721 269
253 722
722 723
723 724
724 257
253 725
725 726
726 727
727 728
728 295
254 729
729 730
730 731
731 258
255 732
732 733
733 734
734 260
255 735
735 736
736 275
256 737
737 738
738 258
256 259
257 739
739 740
740 741
741 742
742 296
258 743
743 744
744 276
260 745
745 270
261 746
746 266
261 747
747 280
262 263
262 267
264 748
748 271
265 266
265 749
749 277
267 750
750 281
268 751
751 752
752 269
268 753
753 279
269 273
270 754
754 755
755 287
271 284
272 756
756 757
757 758
758 304
273 759
759 274
274 278
275 760
760 761
761 297
276 762
762 763
763 281
276 764
764 291
277 765
765 279
277 766
766 767
767 280
277 285
278 279
278 768
768 290
279 286
280 769
769 770
770 771
771 299
282 772
772 283
282 773
773 284
282 774
774 288
283 775
775 293
285 776
776 286
285 777
777 294
286 290
287 778
778 289
288 292
289 779
779 780
780 781
781 782
782 783
783 291
290 784
784 294
290 785
785 302
291 786
786 787
787 788
788 789
789 790
790 292
291 791
791 298
292 792
792 300
293 793
793 301
294 794
794 303
295 795
795 796
796 797
797 296
295 798
798 306
296 799
799 307
297 800
800 801
801 802
802 803
803 804
804 805
805 806
806 807
807 808
808 809
809 298
298 810
810 811
811 812
812 813
813 814
814 815
815 300
299 816
816 817
817 303
299 818
818 304
300 819
819 820
820 301
301 302
302 821
821 822
822 303
304 823
823 824
824 825
825 826
826 827
827 828
828 305
305 829
829 830
830 831
831 306
306 832
832 833
833 834
834 307
-1 -1