167 169 191 168 148 164 138 172 
254 192 259 274 156 210 269 296 157 
252 250 256 294 227 235 236 305 234 
256 236 252 295 234 250 306 235 
303 271 298 304 241 279 302 260 293 301 284 
39 34 38 78 0 36 76 
290 275 288 291 297 257 280 286 287 246 255 266 233 245 247 211 207 
23 16 20 24 48 15 1 44 14 43 47 62 4 3 60 
83 43 77 87 115 24 46 47 60 84 51 82 114 122 40 48 62 85 121 107 137 140 80 147 135 
122 115 121 140 83 114 84 137 147 214 43 77 87 116 85 138 135 225 107 136 241 
66 42 65 91 35 45 61 70 93 110 31 37 72 96 108 127 13 32 94 101 112 129 156 8 
21 7 27 28 49 5 10 18 33 17 22 50 55 2 19 30 53 12 41 90 26 40 51 
29 9 25 26 59 6 11 32 30 56 58 61 68 81 13 31 37 33 57 64 45 73 92 35 69 
278 267 276 277 285 243 268 264 279 284 273 289 223 237 251 272 265 260 293 301 215 222 238 193 239 249 302 300 201 213 221 212 229 248 263 292 299 206 
197 185 194 210 217 173 186 198 166 259 216 230 158 179 175 176 207 231 258 159 177 190 203 211 233 245 255 180 189 199 232 246 244 257 181 208 218 247 174 204 220 
131 99 130 134 159 79 92 123 158 160 177 95 68 81 103 128 173 161 176 180 190 97 59 64 73 88 102 120 132 179 185 155 178 175 198 181 189 207 75 89 100 58 57 69 111 118 126 141 188 186 194 174 199 203 211 98 56 109 117 124 142 187 218 233 105 133 143 246 104 145 152 
248 242 249 205 262 229 251 263 195 200 261 221 238 268 270 182 208 206 266 215 223 267 272 283 155 199 204 220 280 201 213 222 243 278 273 281 203 218 188 228 183 193 212 237 277 285 282 287 178 187 184 
184 170 193 153 154 171 168 209 212 213 237 146 148 149 151 163 183 164 191 202 224 222 201 215 239 243 264 138 144 150 139 145 162 172 196 219 226 223 206 221 240 265 267 276 116 137 113 125 143 152 165 214 225 238 200 229 260 284 107 106 119 133 142 251 205 249 141 248 263 
117 105 109 118 124 133 86 104 106 119 100 111 120 126 142 143 53 89 90 98 107 113 125 97 102 128 132 141 155 145 152 54 74 116 139 75 95 103 123 161 182 151 162 200 52 69 71 144 73 79 134 160 178 195 149 154 163 205 67 63 68 92 99 131 174 188 208 153 170 171 64 181 187 204 220 146 
155 142 161 182 124 141 143 160 178 195 117 126 132 133 145 152 159 174 188 205 208 105 109 118 128 125 139 151 162 200 131 177 181 187 204 242 199 220 86 104 106 119 100 111 120 123 113 144 149 154 163 134 176 180 190 253 248 262 203 218 228 89 90 98 97 102 103 146 153 170 171 189 207 232 74 75 95 138 148 183 
