307
1 -> 35 40 39 
2 -> 5 21 24 45 
3 -> 6 4 13 8 18 5 15 23 22 29 16 25 42 41 52 47 
4 -> 3 5 15 6 13 16 25 18 23 17 24 44 
5 -> 2 4 16 3 15 17 13 25 24 44 
6 -> 3 8 18 4 13 11 22 29 15 23 28 51 42 19 
7 -> 10 11 27 12 30 8 20 31 57 34 53 58 68 
8 -> 6 11 22 3 18 7 20 28 29 50 13 34 19 23 56 
9 -> 12 14 10 26 32 33 36 38 43 46 67 
10 -> 7 12 30 11 27 9 26 60 14 33 59 
11 -> 7 8 20 10 27 6 22 19 34 31 18 28 54 55 
12 -> 9 10 26 14 7 30 33 32 38 36 46 
13 -> 3 18 23 6 4 29 25 42 8 5 15 22 51 41 52 16 28 47 19 
14 -> 9 32 33 12 36 26 38 10 43 30 46 67 
15 -> 4 16 25 3 5 17 23 24 44 6 13 42 47 48 
16 -> 5 15 17 4 25 24 3 23 44 49 13 
17 -> 16 24 5 15 21 25 49 4 48 63 61 
18 -> 6 13 29 3 8 23 22 51 4 11 42 28 50 52 41 19 
19 -> 20 28 11 34 22 31 54 8 29 50 27 6 18 23 51 56 13 
20 -> 11 19 34 7 8 28 31 54 22 27 53 55 56 87 29 57 64 50 72 75 
21 -> 2 24 37 45 17 49 81 
22 -> 8 28 29 50 6 11 19 34 18 23 51 56 3 20 31 54 13 42 91 27 41 52 
23 -> 13 25 29 42 3 18 15 44 22 51 41 52 6 4 16 8 28 50 47 88 19 
24 -> 17 21 25 49 16 2 45 15 44 48 63 5 4 61 
25 -> 15 23 24 44 4 16 13 29 42 17 49 47 48 84 3 5 41 52 61 63 
26 -> 12 30 33 9 10 27 60 14 32 38 36 46 43 62 
27 -> 7 30 31 57 10 11 26 34 53 58 68 20 28 54 55 59 65 70 19 22 64 60 69 75 72 74 93 
28 -> 19 22 34 20 8 29 50 31 54 11 6 18 23 51 56 27 55 13 42 
29 -> 18 22 23 51 6 13 8 28 50 25 42 52 83 3 19 34 56 41 47 20 
30 -> 10 26 27 60 7 12 33 31 57 59 62 69 82 14 32 38 34 58 65 46 74 93 36 70 
31 -> 27 34 53 7 30 57 20 28 54 55 11 58 68 19 22 64 59 65 70 72 60 69 75 90 
32 -> 14 33 36 9 26 38 43 12 30 46 67 62 66 92 71 
33 -> 14 26 32 38 9 12 30 36 46 10 43 62 67 60 
34 -> 20 28 31 54 11 19 22 27 53 55 56 87 7 8 29 50 30 57 64 72 75 
35 -> 1 40 39 79 37 
36 -> 32 38 43 14 33 46 67 9 26 62 66 92 12 30 71 
37 -> 21 39 40 35 
38 -> 33 36 46 14 26 32 43 62 9 12 30 67 60 59 
39 -> 37 40 77 35 79 1 
40 -> 35 39 79 1 37 77 
41 -> 42 47 23 52 44 13 25 29 51 88 48 84 3 18 22 50 49 61 
42 -> 23 41 52 13 25 29 47 51 88 3 18 15 22 44 50 83 115 6 28 48 56 
43 -> 36 46 67 32 38 62 66 92 14 33 71 94 111 9 26 109 128 
44 -> 25 47 48 84 15 23 24 41 52 49 61 78 88 116 4 16 42 51 45 63 85 123 5 
45 -> 21 49 81 2 24 48 63 86 44 61 
46 -> 38 43 62 33 36 67 60 66 14 26 32 30 59 69 82 71 9 12 58 65 74 93 57 70 
47 -> 41 44 52 42 25 48 84 51 88 23 15 49 61 29 50 83 115 13 63 56 3 
48 -> 44 49 61 25 47 84 24 45 63 78 15 41 52 17 85 42 86 122 
49 -> 24 45 48 63 17 21 25 81 44 61 16 47 84 78 41 52 85 86 
50 -> 22 51 56 8 28 29 52 83 54 91 19 34 18 23 42 47 108 55 87 107 20 41 53 64 114 72 
51 -> 29 50 52 83 18 22 23 56 42 47 88 91 108 6 13 28 54 41 44 117 19 55 139 
52 -> 42 47 51 88 23 41 44 29 50 83 84 115 13 25 48 18 56 108 138 3 49 61 
53 -> 31 55 57 27 34 54 64 58 68 7 20 56 87 72 59 65 70 50 90 106 75 60 69 99 105 118 62 82 74 93 76 80 100 
54 -> 34 55 56 87 20 28 31 53 64 50 91 90 106 11 19 22 27 57 72 51 107 75 98 99 105 118 120 58 68 76 96 101 110 119 125 134 126 59 65 70 103 127 143 60 69 
55 -> 53 54 64 31 57 34 56 87 72 27 58 68 20 28 50 91 90 106 75 59 65 70 11 51 98 99 105 118 120 60 69 76 101 119 62 74 93 103 80 100 
56 -> 50 54 91 22 51 34 55 87 83 107 8 28 29 52 20 53 64 90 106 114 19 42 47 31 57 72 140 75 
57 -> 27 53 58 68 7 30 31 55 59 65 70 34 54 64 60 69 75 20 56 87 72 62 82 74 93 90 46 89 76 80 100 98 99 96 132 101 105 106 
58 -> 57 59 65 27 53 68 60 69 70 7 31 55 30 62 82 74 93 75 54 64 46 89 76 80 100 72 90 73 98 96 132 87 99 101 104 135 105 103 110 106 112 
59 -> 58 60 65 57 30 62 69 82 70 27 53 68 10 46 66 74 93 89 75 31 55 38 76 80 100 73 95 72 90 54 64 98 96 132 87 99 101 104 105 103 106 
60 -> 30 59 62 69 82 10 26 58 65 46 66 74 93 89 57 70 38 76 80 100 73 95 27 53 68 75 33 98 96 132 97 31 55 72 90 101 104 135 54 64 87 99 103 110 112 
61 -> 48 63 78 44 49 84 85 25 47 24 45 116 86 122 41 52 17 81 
62 -> 46 60 66 38 43 30 59 69 82 67 71 33 36 58 65 74 93 89 26 32 57 70 76 80 100 73 53 68 75 98 55 
63 -> 49 61 24 45 48 78 17 44 84 85 47 86 122 
64 -> 55 72 53 54 75 31 57 34 56 87 70 90 27 58 68 20 50 106 65 98 99 59 105 69 76 96 101 60 74 93 80 104 103 110 100 124 112 118 121 129 
65 -> 58 59 69 70 57 60 74 93 68 75 27 53 30 62 82 76 80 100 72 90 31 55 46 89 98 96 132 64 87 99 54 73 101 104 135 160 106 105 103 110 124 112 118 121 
66 -> 62 67 71 46 60 43 92 73 59 36 94 111 89 32 97 109 128 
67 -> 43 66 92 36 46 62 71 94 111 32 38 73 97 109 128 14 33 95 102 113 130 157 9 
68 -> 57 70 27 53 58 65 75 7 31 55 59 69 72 90 54 64 60 74 93 87 98 99 62 82 76 80 100 91 106 96 101 105 118 120 104 103 110 112 121 
69 -> 60 65 74 93 30 59 62 82 58 70 76 80 100 46 89 57 68 75 98 96 132 73 27 53 72 90 101 104 135 160 31 55 64 87 99 103 110 124 54 105 112 118 106 121 119 125 129 
70 -> 65 68 75 58 59 69 57 72 90 60 74 93 27 53 64 87 98 99 30 62 82 76 80 100 31 55 91 106 96 101 105 46 89 132 54 118 120 104 103 110 119 125 126 112 127 121 
71 -> 66 73 62 67 89 46 43 92 82 36 94 111 32 109 128 
72 -> 64 75 55 70 90 53 54 65 68 87 98 99 31 57 34 56 58 59 69 91 106 76 96 101 105 27 20 50 60 74 93 107 118 120 80 104 103 110 100 114 119 125 134 126 124 112 121 127 143 144 146 135 133 142 
73 -> 71 89 66 82 95 67 60 93 97 102 59 62 69 80 100 94 113 58 65 96 109 131 98 
74 -> 69 76 60 65 93 98 30 59 62 82 58 70 80 100 90 96 101 46 89 57 68 75 132 87 99 104 103 110 27 53 72 135 91 106 105 124 112 118 55 64 120 129 121 119 125 134 127 143 144 133 142 
75 -> 70 72 90 65 68 64 87 98 99 58 59 69 57 55 54 91 106 76 96 101 105 60 74 93 27 53 107 118 120 80 104 103 110 62 100 114 119 125 134 126 124 112 121 127 143 144 146 129 135 133 142 156 153 132 
76 -> 74 98 69 90 96 101 60 65 93 75 87 99 80 104 103 110 59 62 82 58 70 100 72 54 91 106 105 124 112 118 57 68 64 55 107 120 129 135 121 119 125 134 53 114 126 133 132 127 143 144 146 142 156 153 
77 -> 39 79 81 40 
78 -> 61 84 85 48 63 44 88 116 86 122 49 123 81 137 141 136 
79 -> 40 77 35 39 81 
80 -> 93 96 100 69 82 98 104 132 60 65 74 89 76 90 101 103 124 135 160 59 62 58 70 73 95 75 87 99 110 112 129 161 178 57 68 97 102 72 91 106 105 118 121 133 177 181 191 53 64 120 119 125 134 55 127 143 
81 -> 45 77 86 21 49 79 85 137 78 122 136 61 84 
82 -> 60 89 93 30 59 62 69 73 95 80 100 58 65 46 74 71 97 102 96 132 57 70 76 94 113 98 104 135 160 53 68 131 90 101 103 124 75 87 99 110 112 121 
83 -> 51 88 91 108 29 50 52 84 115 56 87 107 117 42 47 138 90 106 114 139 140 147 149 145 154 169 150 171 165 173 
84 -> 44 78 88 116 25 47 48 61 85 52 83 115 123 41 49 63 86 122 108 138 141 81 148 136 
85 -> 78 86 122 61 84 81 137 123 48 63 44 88 116 136 141 49 148 
86 -> 81 85 137 45 78 122 136 61 84 123 148 48 63 116 49 
87 -> 54 90 91 106 34 55 56 75 98 99 83 107 105 118 120 20 53 64 50 70 72 76 96 101 108 114 110 119 125 134 126 57 65 68 74 80 104 103 140 112 121 127 143 144 146 58 59 69 93 100 124 145 152 129 133 142 156 153 60 82 135 162 183 163 132 164 
88 -> 52 83 84 115 42 47 51 91 108 44 78 116 117 138 23 41 107 85 123 139 141 149 
89 -> 73 82 95 71 60 93 97 102 66 59 62 69 80 100 94 113 58 65 74 96 132 92 109 131 57 70 98 104 135 76 101 
90 -> 75 87 98 99 70 72 54 91 106 76 96 101 105 65 68 64 55 56 83 107 118 120 74 80 104 103 110 58 59 69 57 53 114 119 125 134 126 93 100 124 112 60 121 127 143 144 146 82 132 129 135 133 142 156 153 140 152 162 163 
91 -> 56 83 87 107 50 54 51 88 108 90 106 114 22 55 117 75 98 99 105 118 120 140 139 70 72 76 96 101 110 119 125 134 126 145 146 152 68 64 74 80 104 103 112 121 127 143 144 147 150 155 133 142 156 154 171 
92 -> 67 94 111 43 66 97 109 128 36 71 95 102 113 130 157 32 89 131 158 
93 -> 69 80 82 100 60 65 74 96 89 132 30 59 62 58 70 76 98 104 73 95 135 160 46 57 68 75 90 101 103 124 97 102 161 178 27 53 72 87 99 110 112 129 177 181 191 55 64 106 105 118 121 133 119 125 134 127 
94 -> 92 97 109 67 111 95 102 113 43 66 128 89 131 71 130 157 73 82 167 
95 -> 89 97 102 73 82 94 113 60 93 92 109 131 59 69 80 100 67 111 130 167 128 
96 -> 80 98 104 93 100 76 90 101 103 124 69 82 132 74 75 87 99 110 112 129 135 60 65 89 160 70 72 54 91 106 105 118 121 133 59 58 73 68 64 107 120 119 125 134 127 142 57 55 114 126 143 144 53 146 156 153 
97 -> 94 95 102 92 109 89 113 67 111 73 82 131 66 128 60 93 130 167 80 100 
98 -> 76 90 96 101 74 75 87 99 80 104 103 110 69 70 72 54 91 106 105 93 100 124 112 118 60 65 68 64 55 107 120 82 132 129 135 121 119 125 134 59 62 58 57 114 126 89 133 127 143 144 146 73 142 156 153 162 183 163 
99 -> 90 101 105 75 87 98 103 110 106 70 72 54 91 76 96 104 112 118 107 120 65 68 64 55 74 80 124 121 119 125 134 108 114 126 58 59 69 57 53 93 100 129 135 127 143 144 140 146 60 82 132 133 142 156 153 152 162 183 163 
100 -> 80 93 132 96 69 82 135 160 98 104 60 65 74 89 124 161 178 76 90 101 103 59 62 58 70 73 95 129 177 181 191 75 87 99 110 112 57 68 97 102 121 133 182 190 208 72 106 105 118 53 127 142 212 64 119 125 55 
101 -> 98 99 103 110 76 90 96 105 104 112 118 74 75 87 80 106 124 121 119 125 134 69 70 72 54 91 93 100 107 120 129 135 127 143 144 60 65 68 64 82 132 114 126 133 142 156 146 153 59 58 57 55 89 140 162 183 152 163 53 150 164 145 
102 -> 95 97 113 89 94 109 131 73 82 92 111 130 167 93 67 128 158 211 80 100 
103 -> 101 104 112 98 99 110 96 124 121 76 90 105 118 80 129 135 119 74 75 87 106 125 134 93 100 133 132 127 69 70 72 54 91 107 120 143 144 82 142 160 60 65 68 64 114 126 156 146 153 59 58 55 162 183 140 152 163 53 145 150 
104 -> 96 103 124 80 98 101 112 129 135 93 100 76 90 99 110 121 133 132 69 82 74 75 87 105 118 119 127 142 160 60 65 89 70 72 91 106 125 134 143 161 178 59 58 68 64 120 144 156 177 181 191 55 126 146 153 53 140 
105 -> 99 106 90 101 87 107 118 120 75 98 103 110 54 91 108 114 119 125 134 126 70 72 76 96 104 112 55 117 140 121 127 143 144 146 65 68 64 74 80 124 53 145 152 129 133 142 156 153 58 59 69 57 93 100 135 150 162 183 163 201 132 161 179 196 164 
106 -> 87 105 107 118 120 54 90 91 99 108 114 110 119 125 134 126 55 56 75 98 83 101 117 140 112 121 127 143 144 146 53 64 70 72 76 96 103 145 152 129 133 142 156 153 65 68 74 80 104 147 150 124 162 183 163 201 57 69 93 100 135 161 179 196 164 132 175 189 206 172 
107 -> 91 106 108 114 56 83 87 105 118 120 117 140 50 54 88 90 99 110 119 125 134 126 115 139 145 146 152 75 98 101 112 121 127 143 144 147 149 150 155 72 76 96 103 129 133 142 156 153 154 171 104 185 172 
108 -> 83 107 117 51 88 91 106 114 115 139 50 52 84 87 105 118 120 140 116 138 147 149 99 145 146 152 123 154 151 169 150 171 166 165 192 194 155 185 172 173 213 214 
109 -> 94 111 113 92 97 128 102 131 67 95 130 157 167 43 66 89 158 71 73 
110 -> 101 112 118 98 99 103 121 106 119 125 134 76 90 96 105 104 129 87 107 120 127 143 144 74 75 80 124 133 54 91 114 126 142 156 146 153 69 70 72 93 100 135 140 162 183 152 163 201 60 65 68 64 82 132 161 179 196 150 155 164 58 59 55 189 145 154 53 
111 -> 92 109 128 67 94 113 130 157 43 66 97 102 131 158 193 71 95 167 
112 -> 103 110 121 101 104 118 119 129 98 99 96 124 106 125 134 127 133 76 90 105 80 135 87 107 120 143 144 142 74 75 93 100 132 91 114 126 156 146 153 69 70 72 82 160 162 183 140 152 163 60 65 68 64 145 150 58 59 55 
113 -> 102 109 131 95 97 94 111 130 167 89 92 128 158 211 73 82 67 157 
114 -> 107 117 140 91 106 108 115 139 145 146 152 56 83 87 105 118 120 138 147 149 150 126 144 155 50 90 99 110 119 125 134 154 169 143 153 171 75 98 101 112 121 127 142 156 163 201 185 172 72 76 96 103 129 133 162 183 164 184 104 
115 -> 88 116 117 138 52 83 84 123 108 114 139 141 42 47 122 107 147 149 91 145 154 169 150 171 165 173 
116 -> 84 115 123 44 78 88 117 138 122 141 61 85 108 148 215 86 136 226 137 
117 -> 108 114 115 139 83 107 140 88 116 138 147 149 51 91 106 145 146 152 123 154 151 169 105 118 150 144 171 166 165 192 194 155 185 172 173 210 213 214 164 184 223 
118 -> 106 110 119 125 134 87 105 107 120 101 112 121 127 143 144 54 90 91 99 108 114 126 98 103 129 133 142 156 146 153 55 75 117 140 76 96 104 124 162 183 152 163 201 53 70 72 145 74 80 135 161 179 196 150 155 164 206 68 64 69 93 100 132 175 189 209 154 171 172 65 182 188 205 221 147 
119 -> 118 121 127 106 110 125 134 112 129 133 87 105 107 120 101 143 144 103 124 142 54 90 91 99 114 126 98 156 146 153 104 135 55 75 140 76 96 162 183 152 163 201 132 70 72 74 80 161 179 196 150 155 164 160 64 69 93 100 175 189 206 145 154 171 172 147 
120 -> 106 126 87 105 107 118 146 54 90 91 99 108 114 110 119 125 134 140 144 152 55 75 98 101 112 121 127 143 145 153 150 155 70 72 76 96 103 129 133 142 156 147 163 201 154 171 68 64 74 80 104 124 162 183 139 164 206 149 185 172 135 
121 -> 112 119 129 103 110 118 127 124 133 101 104 106 125 134 135 142 98 99 96 87 105 107 120 143 144 132 76 90 80 91 114 126 156 146 153 100 160 74 75 93 162 183 140 152 163 161 178 69 70 72 82 145 150 164 65 68 64 
122 -> 85 123 78 86 116 141 61 84 81 115 148 48 63 136 
123 -> 116 122 141 84 115 85 138 148 215 44 78 88 117 86 139 136 226 108 137 242 
124 -> 104 129 135 96 103 121 133 132 80 98 101 112 119 127 142 100 160 93 76 90 99 110 118 125 143 159 161 178 69 82 74 75 87 105 106 134 144 156 162 177 181 191 65 72 120 146 153 183 176 199 182 190 208 64 126 140 152 163 180 204 212 145 150 
125 -> 118 127 143 106 110 119 134 133 142 144 156 87 105 107 120 101 112 121 129 146 153 162 183 54 90 91 99 114 126 98 103 124 140 152 163 201 161 179 196 75 76 96 104 135 145 150 155 164 206 160 175 189 209 70 72 74 80 132 147 154 171 172 182 188 205 200 221 64 69 93 100 139 149 229 
126 -> 120 146 106 140 144 152 87 105 107 118 114 145 134 143 153 150 155 54 90 91 99 110 119 125 147 142 156 163 201 154 171 75 98 101 112 121 127 139 133 162 183 164 206 207 149 185 172 70 72 76 96 103 129 161 179 196 169 194 184 64 104 124 175 189 209 188 
127 -> 119 125 133 118 121 143 129 142 106 110 134 112 144 156 124 87 105 107 120 101 103 146 153 162 183 104 135 54 90 91 99 114 126 98 140 152 163 201 161 179 196 96 132 75 76 145 150 155 164 160 175 189 206 209 100 72 74 147 154 171 172 182 188 205 221 
128 -> 111 130 157 92 109 131 158 193 67 94 113 167 43 66 97 102 71 95 
129 -> 121 124 133 112 119 104 135 127 142 103 110 118 96 132 125 143 101 106 134 80 98 100 160 144 156 99 87 105 107 120 93 76 90 161 178 146 153 162 183 114 126 74 75 177 181 191 140 152 163 201 179 196 145 150 155 164 175 189 206 209 147 154 188 
130 -> 128 131 158 111 157 113 167 92 109 193 102 211 67 94 95 97 
131 -> 113 130 132 167 102 109 128 158 211 95 97 94 111 157 89 92 73 82 
132 -> 100 131 135 160 80 93 124 159 161 178 96 69 82 104 129 174 162 177 181 191 98 60 65 74 89 103 121 133 180 186 156 179 176 199 182 190 208 76 90 101 59 58 70 112 119 127 142 189 187 195 175 200 204 212 99 57 110 118 125 143 188 219 234 106 134 144 247 105 146 153 
133 -> 127 129 142 119 125 121 124 143 118 112 104 135 144 156 106 110 134 103 96 132 146 153 162 183 87 105 107 120 101 80 98 100 160 126 140 152 163 201 161 179 196 90 91 99 114 93 76 178 145 150 155 164 175 189 206 209 75 147 154 171 172 182 188 205 221 72 
134 -> 118 144 106 110 119 125 143 146 153 87 105 107 120 101 112 121 127 142 156 126 140 152 163 201 54 90 91 99 114 98 103 129 133 162 183 145 150 155 164 206 207 75 76 96 104 124 161 179 196 147 154 171 172 202 222 72 74 80 135 175 189 209 139 149 185 184 64 93 132 182 188 205 221 169 
135 -> 124 132 104 129 100 160 96 103 121 133 80 93 159 161 178 98 101 112 119 127 142 69 82 174 162 177 181 191 76 90 99 110 118 125 143 60 65 74 89 156 179 176 199 182 190 208 75 87 105 106 134 144 58 59 180 187 195 175 200 204 212 72 120 146 153 188 234 126 140 
136 -> 137 148 86 141 81 85 123 138 215 78 116 122 84 
137 -> 86 136 81 85 148 78 141 123 116 
138 -> 115 139 141 88 116 117 147 149 123 148 52 83 84 108 145 154 151 169 136 140 150 171 166 165 192 194 146 152 155 185 172 173 210 213 214 144 164 184 
139 -> 117 138 147 149 108 114 115 141 145 154 151 169 83 107 140 88 123 150 171 166 165 192 194 51 91 152 155 185 172 173 168 210 213 214 238 146 164 184 203 225 223 202 216 240 265 126 144 163 197 220 227 224 207 222 120 134 143 153 244 142 
140 -> 114 145 146 152 107 117 147 150 126 144 155 91 106 108 139 154 120 134 143 153 171 56 83 87 105 118 149 125 142 156 163 201 185 172 99 110 119 151 169 127 133 162 183 164 206 207 194 184 90 101 165 192 129 161 179 196 210 213 214 173 121 124 175 189 223 112 135 103 
141 -> 123 138 148 215 116 122 115 139 136 197 226 84 85 147 149 137 242 78 88 
142 -> 133 143 127 129 125 144 156 119 121 124 118 134 146 153 162 183 112 104 135 106 110 126 140 152 163 201 161 179 196 103 96 132 87 105 107 120 101 114 145 150 155 164 206 207 160 175 189 209 98 100 90 91 99 147 154 171 172 178 182 188 205 200 221 75 139 149 185 184 181 204 219 229 72 
143 -> 125 142 144 156 118 127 133 134 146 153 162 183 106 110 119 129 126 140 152 163 201 161 179 196 87 105 107 120 101 112 121 124 114 145 150 155 164 206 207 160 175 189 209 54 90 91 99 98 103 104 135 147 154 171 172 202 222 178 182 188 205 200 221 75 76 96 132 139 149 185 184 181 204 219 229 72 74 80 169 190 
144 -> 134 143 146 153 118 125 142 156 126 140 152 163 201 106 110 119 127 133 162 183 120 114 145 150 155 164 206 207 87 105 107 101 112 121 129 161 179 196 117 147 154 171 172 243 202 222 90 91 99 98 103 124 160 175 189 209 139 149 185 184 216 230 75 76 96 104 135 182 188 205 200 221 138 169 194 214 72 74 132 229 165 213 
145 -> 140 147 150 114 146 152 139 154 107 117 126 144 155 138 149 171 91 106 108 120 134 143 153 115 151 169 185 172 87 105 118 125 142 156 163 201 166 165 192 194 164 184 127 133 162 183 173 213 214 119 129 179 121 124 112 
146 -> 126 140 144 152 120 114 145 134 143 153 150 155 106 107 117 147 118 125 142 156 163 201 154 171 87 105 91 108 139 110 119 127 133 162 183 164 206 207 149 185 172 90 99 138 101 112 121 129 161 179 196 202 222 169 194 184 75 98 103 124 160 175 189 209 216 165 213 72 76 96 104 135 182 188 205 221 173 132 
147 -> 139 145 154 117 138 149 140 150 171 108 114 115 141 151 169 146 152 155 185 172 83 107 166 165 192 194 126 144 164 184 173 210 213 214 238 120 134 143 153 163 225 223 106 118 125 142 156 201 105 110 119 127 133 162 183 129 
148 -> 136 141 137 123 138 215 86 116 122 226 85 84 
149 -> 139 151 154 169 117 138 147 166 150 171 165 192 194 108 114 115 141 145 173 152 155 185 172 168 210 213 214 238 83 107 88 140 146 164 184 203 225 223 202 216 240 244 265 126 144 163 197 220 227 224 207 222 120 134 143 153 239 230 125 142 156 
150 -> 145 152 154 140 147 146 155 149 171 114 139 126 144 151 169 185 172 107 117 138 120 134 143 153 166 165 192 194 164 184 91 106 115 118 125 142 156 163 201 173 210 213 214 105 110 119 127 133 162 183 223 101 112 121 129 179 99 103 124 
151 -> 149 166 139 154 169 173 117 138 147 150 171 165 192 194 108 145 152 155 185 172 210 213 214 140 164 
152 -> 140 146 150 155 114 145 126 144 154 171 107 117 147 120 134 143 153 149 185 172 91 106 108 139 118 125 142 156 163 201 151 169 194 164 184 87 105 138 110 119 127 133 162 183 206 207 166 165 192 210 213 214 238 99 101 112 121 129 161 179 196 173 203 225 223 202 98 103 124 175 189 224 
153 -> 144 163 201 134 143 146 164 206 207 118 125 142 156 126 140 152 172 196 243 202 222 106 110 119 127 133 162 183 120 114 145 150 155 171 184 209 214 216 230 87 105 107 101 112 121 129 161 179 147 154 185 205 221 224 90 99 98 103 124 175 189 139 149 194 229 75 76 96 104 135 182 188 169 213 132 
154 -> 147 149 150 171 139 145 151 169 152 155 185 172 117 138 140 166 165 192 194 146 164 184 108 114 115 173 210 213 214 238 126 144 163 83 203 225 223 202 216 120 134 143 153 224 106 118 125 142 156 105 110 119 127 133 162 183 129 
155 -> 152 171 140 146 150 154 185 172 114 145 126 144 147 149 194 164 184 107 120 134 143 153 139 151 169 210 213 214 238 163 91 106 118 125 142 156 201 117 138 166 165 192 203 225 223 202 216 240 244 265 87 105 110 119 127 133 162 183 108 173 197 220 227 224 207 222 99 129 
156 -> 143 162 183 125 142 144 161 179 196 118 127 133 134 146 153 160 175 189 206 209 106 110 119 129 126 140 152 163 201 132 178 182 188 205 243 200 221 87 105 107 120 101 112 121 124 114 145 150 155 164 135 177 181 191 254 249 263 204 219 229 90 91 99 98 103 104 147 154 171 172 190 208 233 75 76 96 139 149 184 
157 -> 128 158 193 111 130 167 211 255 92 109 131 67 94 113 
158 -> 130 157 167 128 131 193 211 111 113 255 92 109 102 
159 -> 160 174 132 161 178 180 186 135 162 177 181 191 176 187 198 124 199 182 190 208 195 211 218 204 212 217 231 232 259 246 256 245 
160 -> 132 159 161 178 100 135 174 162 177 181 191 80 93 124 180 186 156 179 176 199 182 190 208 96 69 82 104 129 187 198 143 183 175 189 195 200 204 212 65 103 121 133 218 125 142 144 188 205 209 219 234 101 112 119 127 146 196 221 233 232 247 99 229 248 217 246 258 
161 -> 160 162 132 159 178 156 179 100 135 174 177 181 191 143 183 175 189 80 93 124 180 186 176 199 182 190 208 125 142 144 196 188 205 104 129 187 195 200 204 212 118 127 133 134 146 153 206 209 254 121 198 219 234 106 110 119 126 140 152 163 247 105 120 258 
162 -> 156 161 179 143 183 160 175 189 125 142 144 196 132 159 178 182 188 205 118 127 133 134 146 153 206 209 135 177 181 191 200 254 106 110 119 129 126 140 152 163 201 243 221 124 176 199 190 208 204 219 87 105 120 101 112 121 114 145 150 155 164 229 180 212 233 90 99 98 103 147 154 248 
163 -> 153 164 144 201 172 134 143 146 206 207 171 184 118 125 142 156 126 140 152 196 202 222 154 155 185 214 106 110 119 127 133 162 183 120 114 145 150 209 216 147 149 194 87 105 101 112 121 129 161 179 107 139 169 210 213 90 99 98 103 124 189 91 165 223 
164 -> 163 172 153 171 184 144 201 154 155 185 214 134 143 146 206 207 147 149 150 152 194 202 216 118 125 142 156 126 140 196 139 145 151 169 210 213 238 222 224 106 110 119 127 133 162 183 120 114 117 138 165 192 203 225 223 240 230 244 87 105 101 121 129 107 173 197 220 
165 -> 169 173 149 192 194 166 139 151 154 168 185 210 213 214 238 117 138 147 150 171 203 225 223 184 202 216 240 244 265 108 115 145 152 155 172 197 220 227 224 207 222 266 83 140 146 164 239 230 144 163 
166 -> 151 173 149 165 139 154 169 117 138 147 150 171 192 194 108 145 152 155 172 213 
167 -> 131 158 211 113 130 157 193 198 260 102 109 128 218 270 95 97 94 111 
168 -> 170 192 169 149 165 139 173 
169 -> 149 165 192 194 139 151 154 173 168 185 210 213 214 238 117 138 147 166 150 171 203 225 223 184 202 216 240 244 265 108 114 115 145 152 155 172 197 220 227 224 207 222 241 266 83 140 146 164 239 201 230 126 144 163 252 134 143 153 
170 -> 168 
171 -> 154 155 185 172 147 149 150 152 194 164 184 139 145 151 169 140 146 210 213 214 238 163 117 138 166 165 192 114 126 144 203 225 223 202 216 240 244 265 153 108 115 173 107 120 134 143 197 220 227 224 207 222 241 266 201 83 91 106 118 125 142 156 239 230 119 127 133 252 
172 -> 164 171 184 163 154 155 185 214 153 147 149 150 152 194 202 216 144 201 139 145 151 169 140 146 210 213 238 207 222 224 134 143 117 138 166 165 192 114 126 203 225 223 240 244 265 230 239 118 125 142 156 108 173 107 120 197 220 227 250 106 119 127 133 
173 -> 165 166 169 151 149 192 194 139 154 168 185 210 213 214 238 117 138 147 150 171 203 225 223 184 202 216 240 244 265 108 115 145 152 155 172 197 220 227 224 207 222 83 140 146 164 
174 -> 159 180 186 160 176 187 198 132 161 178 177 195 211 218 135 181 191 199 217 231 208 232 259 204 212 234 246 256 190 200 247 245 219 
175 -> 179 182 188 162 189 181 200 156 161 205 178 190 204 209 219 143 183 160 254 177 191 208 196 221 233 125 142 144 176 199 212 206 229 234 248 118 127 133 134 146 153 180 187 195 201 243 247 106 119 129 126 140 152 174 186 198 258 159 
176 -> 177 180 187 178 199 174 186 195 160 181 191 208 159 198 132 161 182 190 204 212 211 218 135 162 175 200 234 217 231 124 179 188 209 219 232 233 247 259 189 205 221 258 256 245 246 
177 -> 176 178 199 180 187 160 181 191 195 208 174 186 132 159 161 182 190 198 204 212 100 135 162 175 200 218 234 80 93 124 156 179 188 209 219 217 231 232 233 247 104 129 189 196 205 221 259 246 229 248 258 206 256 245 
178 -> 160 177 181 191 132 159 161 176 199 182 190 208 100 135 174 162 180 187 195 175 200 204 212 80 93 124 186 156 179 198 188 209 219 234 104 129 143 189 218 196 205 221 233 232 247 121 133 142 217 231 183 206 229 248 246 258 112 259 245 256 276 
179 -> 162 175 189 156 161 182 188 205 143 183 160 181 200 209 254 125 142 144 196 132 178 190 204 219 221 118 127 133 134 146 153 206 135 177 191 208 233 229 106 110 119 129 126 140 152 163 199 212 234 248 105 121 120 145 150 195 247 112 
180 -> 174 176 159 186 177 187 160 198 178 199 195 132 161 211 218 181 191 208 217 231 182 190 204 212 232 259 175 200 234 246 256 179 188 209 219 233 247 245 189 258 
181 -> 178 182 190 160 177 191 175 200 204 132 159 161 176 199 208 179 188 209 219 100 135 174 162 180 187 195 212 189 196 205 221 233 80 93 124 156 186 198 234 183 206 254 229 248 104 129 218 232 247 201 243 217 231 246 258 245 
182 -> 175 181 200 179 188 178 190 204 209 219 162 189 160 177 191 208 196 205 221 233 156 161 132 159 176 199 212 183 206 254 229 234 248 143 100 135 180 187 195 201 243 232 247 125 142 144 124 174 186 198 246 258 118 127 133 134 146 153 218 
183 -> 156 196 143 162 206 209 125 142 144 161 179 201 243 200 205 221 118 127 133 134 146 153 160 175 189 207 249 263 182 204 219 254 229 106 110 119 129 126 140 152 163 188 202 222 250 262 181 190 208 233 87 105 120 101 112 121 124 114 145 150 155 164 214 216 230 252 264 267 178 191 199 212 234 248 99 98 103 135 147 154 239 90 
184 -> 172 214 164 171 194 202 216 163 154 155 185 169 210 213 238 207 222 224 153 147 149 150 152 165 192 203 225 223 240 244 265 201 230 239 144 139 145 140 146 173 197 220 227 266 206 250 252 134 143 117 138 114 126 196 249 264 142 156 
185 -> 171 194 154 155 172 169 210 213 214 238 147 149 150 152 164 184 165 192 203 225 223 202 216 240 244 265 139 145 151 140 146 163 173 197 220 227 224 207 222 241 266 268 277 117 138 114 126 144 153 166 215 226 239 201 230 261 285 108 107 120 134 143 252 206 250 142 249 264 
186 -> 174 187 198 159 180 176 195 211 218 160 177 199 217 231 132 161 178 208 232 259 191 204 212 234 246 256 190 200 233 247 245 258 181 182 209 219 205 
187 -> 176 186 195 177 180 174 198 199 178 159 211 218 208 160 181 191 217 231 204 212 132 161 182 190 232 259 200 234 135 175 246 256 209 219 233 247 179 188 245 196 205 221 229 248 258 189 
188 -> 175 189 179 182 205 162 181 200 209 254 156 161 178 190 204 219 196 221 143 183 160 177 191 208 233 206 229 125 142 144 176 199 212 234 248 201 243 118 127 133 134 146 153 180 187 195 247 207 249 263 119 174 186 258 
189 -> 179 188 205 162 175 209 254 156 161 182 196 200 221 258 143 183 160 181 206 204 219 229 125 142 144 132 178 190 201 243 208 233 118 127 133 134 146 153 191 207 249 263 199 212 234 248 106 110 119 129 126 140 152 163 202 222 250 262 177 195 247 216 252 187 
190 -> 181 191 204 178 182 208 200 160 177 175 199 212 209 219 132 159 161 176 179 188 195 234 196 205 221 233 100 135 162 180 187 189 198 232 247 183 206 254 229 248 124 174 186 218 217 231 246 258 156 201 243 245 256 276 
191 -> 178 190 208 160 177 181 204 199 212 132 159 161 176 182 200 195 234 100 135 174 162 180 187 175 209 219 198 232 233 247 80 93 124 156 179 186 188 196 205 221 218 217 231 246 229 248 258 104 129 189 183 206 254 259 245 256 276 201 243 
192 -> 168 169 149 165 194 139 151 154 173 185 210 213 214 238 117 138 147 166 150 171 203 225 223 184 202 216 240 108 145 152 155 172 197 220 227 224 207 222 140 164 
193 -> 157 211 255 128 158 167 260 275 111 130 
194 -> 169 185 210 213 214 238 149 165 192 171 203 225 223 184 202 216 240 244 265 139 151 154 173 155 172 197 220 227 224 207 222 241 266 268 277 117 138 147 166 150 152 164 215 226 239 201 230 261 279 285 108 145 140 146 163 252 206 250 126 144 153 269 196 249 264 
195 -> 187 198 199 176 186 211 218 177 208 180 174 217 231 178 191 204 212 159 232 259 160 181 190 200 234 246 256 132 161 182 209 219 233 247 245 258 135 175 196 205 221 229 248 179 188 206 189 
196 -> 183 206 209 156 201 243 200 205 221 143 162 153 207 249 263 182 204 219 189 254 229 125 142 144 161 179 163 202 222 250 262 175 181 190 208 233 188 118 127 133 134 146 164 214 216 230 252 264 267 178 191 199 212 234 248 106 110 119 129 126 140 152 184 194 224 239 269 271 160 177 195 247 105 121 120 223 244 187 258 
197 -> 203 215 210 220 141 226 228 194 225 227 242 169 185 213 214 238 241 272 149 165 192 171 223 184 202 216 240 244 265 139 173 154 155 172 224 207 222 147 164 239 230 
198 -> 186 195 211 218 174 187 199 167 260 217 231 159 180 176 177 208 232 259 160 178 191 204 212 234 246 256 181 190 200 233 247 245 258 182 209 219 248 175 205 221 
199 -> 177 195 208 176 178 187 198 191 204 212 180 160 181 186 211 218 190 200 234 174 132 159 161 182 217 231 209 219 232 233 247 135 162 175 259 196 205 221 246 229 248 258 124 179 188 256 183 206 189 254 245 276 201 
200 -> 182 204 209 219 175 181 190 208 196 205 221 233 179 188 178 191 199 212 183 206 189 254 229 234 248 162 160 177 195 156 201 243 232 247 161 132 176 187 198 143 207 249 263 217 231 246 258 135 180 186 218 125 142 144 202 222 250 245 256 276 174 
201 -> 153 206 207 144 163 196 243 202 222 134 143 146 164 183 209 249 263 214 216 230 118 125 142 156 126 140 152 172 200 205 221 250 262 184 194 224 106 110 119 127 133 162 120 114 145 150 155 171 182 204 219 189 254 229 252 264 267 169 185 210 213 238 223 239 244 105 129 147 175 181 190 208 233 179 188 203 225 268 191 199 212 248 
202 -> 207 214 216 201 222 184 194 224 153 206 230 172 169 185 210 213 238 223 239 244 144 163 196 243 250 164 171 149 165 192 203 225 240 265 252 268 134 143 146 183 209 249 264 154 155 139 173 197 220 227 241 266 269 279 200 205 221 271 147 150 152 166 273 278 286 189 229 274 
203 -> 197 210 220 215 194 225 226 227 228 169 185 213 214 238 242 149 165 192 171 223 184 202 216 240 244 265 139 154 173 155 172 224 207 222 241 266 166 152 164 239 201 230 252 
204 -> 190 200 208 181 191 182 209 219 199 212 178 175 196 205 221 233 177 195 234 160 179 188 183 206 189 254 229 248 176 187 198 232 247 132 159 161 162 156 201 243 180 186 218 217 231 246 258 135 143 207 249 263 174 245 256 276 124 142 222 
205 -> 189 209 254 179 188 196 200 221 258 162 175 183 206 182 204 219 229 247 156 161 201 243 181 190 208 233 143 160 153 207 249 263 178 191 199 212 234 248 125 142 144 202 222 250 262 177 195 232 118 127 133 134 146 214 216 230 252 264 267 176 187 198 119 239 186 218 
206 -> 196 201 243 183 209 153 207 249 263 156 200 205 221 144 163 202 222 250 262 143 162 182 204 219 189 254 229 134 146 164 214 216 230 252 264 267 125 142 161 179 175 181 190 208 233 188 118 126 140 152 184 194 224 239 269 271 281 127 133 178 191 199 212 234 248 120 185 213 223 244 273 119 129 177 195 247 
207 -> 201 202 222 153 206 214 216 230 144 163 196 243 184 194 224 250 134 143 146 164 183 209 249 263 172 169 185 210 213 238 223 239 244 252 264 142 126 140 152 156 200 205 221 171 149 165 192 203 225 240 265 268 269 271 204 219 189 229 154 155 139 173 197 220 227 279 273 284 179 188 147 278 274 175 
208 -> 191 199 204 212 178 190 177 195 200 234 160 181 176 187 198 182 209 219 232 233 247 132 159 161 180 186 218 175 196 205 221 217 231 246 229 248 258 100 135 162 174 179 188 183 206 189 254 259 245 256 276 124 156 201 243 291 
209 -> 196 200 205 221 183 206 182 204 219 189 254 229 156 201 243 175 181 190 208 233 179 188 258 143 162 153 207 249 263 178 191 199 212 234 248 247 125 142 144 161 163 202 222 250 262 160 177 195 232 118 127 133 134 146 214 216 230 252 264 267 176 187 198 119 129 126 224 239 180 186 218 
210 -> 194 203 225 169 185 213 214 238 197 220 227 149 165 192 171 223 184 202 216 240 244 265 215 226 139 151 154 173 155 172 224 207 222 241 266 268 277 242 117 138 147 150 166 152 164 239 201 230 140 163 252 250 
211 -> 167 193 198 260 131 158 157 255 186 195 218 270 113 130 174 187 199 217 231 287 102 159 180 176 232 259 
212 -> 208 234 191 199 204 232 233 247 178 190 177 195 200 217 231 246 219 229 248 258 160 181 176 187 198 182 209 218 259 245 221 254 256 276 132 159 161 180 186 175 196 205 291 100 135 162 174 179 188 183 206 189 124 201 243 
213 -> 194 223 169 185 210 214 238 224 149 165 192 171 203 225 184 202 216 240 244 265 239 139 151 154 173 155 172 197 220 227 207 222 241 266 268 277 252 117 138 147 166 150 152 164 215 226 201 230 261 285 250 269 108 145 140 146 163 206 249 264 273 144 153 243 
214 -> 184 194 202 216 172 169 185 210 213 238 207 222 224 164 171 149 165 192 203 225 223 240 244 265 201 230 239 163 154 155 139 151 173 197 220 227 241 266 268 277 153 206 250 252 147 150 152 117 138 166 215 196 243 249 264 269 145 140 108 183 209 271 273 205 
215 -> 141 197 226 228 123 148 203 220 242 116 136 210 227 241 272 194 225 240 261 185 213 214 238 223 
216 -> 202 214 222 224 207 184 194 230 223 239 244 201 172 169 185 210 213 238 250 252 268 153 206 164 171 149 165 192 203 225 240 265 249 264 269 279 144 163 196 243 154 155 139 173 197 220 227 266 271 273 277 278 286 183 209 147 150 284 274 290 205 221 
217 -> 218 232 198 231 234 246 186 195 211 259 212 233 247 245 174 187 199 256 208 219 229 248 258 159 180 176 177 191 204 200 221 276 178 190 160 181 
218 -> 198 217 231 186 195 211 232 259 174 187 199 167 234 246 256 159 180 176 177 208 212 233 247 245 258 160 178 191 204 219 229 248 181 190 200 182 209 205 
219 -> 200 221 233 182 204 209 229 234 248 175 181 190 208 196 205 212 232 247 179 188 178 191 199 183 206 189 254 217 231 246 258 162 160 177 195 156 201 243 218 259 245 256 276 161 132 176 187 198 143 207 249 263 180 186 142 174 
220 -> 203 226 227 197 210 215 242 225 194 169 185 213 214 238 149 165 192 171 223 184 202 216 240 244 265 139 173 154 155 172 224 207 222 147 164 239 230 
221 -> 209 219 229 196 200 205 233 183 206 182 204 189 254 234 248 156 201 243 175 181 190 208 179 188 258 212 232 247 143 162 153 207 249 263 178 191 199 217 231 246 125 142 144 202 222 250 262 160 177 195 245 118 127 133 134 146 216 230 252 264 267 176 187 198 
222 -> 207 216 230 201 202 214 224 250 153 206 184 194 223 239 244 249 252 264 144 163 196 243 172 169 185 210 213 238 268 269 271 134 143 146 183 209 263 164 171 149 165 192 203 225 240 265 279 273 284 200 205 221 154 155 139 173 197 220 227 278 286 274 204 189 229 147 179 
223 -> 213 224 194 216 239 244 169 185 210 214 238 202 222 252 268 149 165 192 171 203 225 184 240 265 207 230 250 269 279 139 154 173 155 172 197 220 227 241 266 277 201 249 264 273 278 286 117 147 150 166 152 164 215 206 243 271 274 290 151 140 163 196 
224 -> 216 223 239 244 202 214 222 213 252 238 268 207 184 194 230 250 269 240 265 279 201 172 169 185 210 249 264 273 241 266 277 278 286 153 206 164 171 149 165 192 203 225 243 271 274 261 285 290 196 163 154 155 139 173 197 220 227 263 284 209 147 
225 -> 210 227 194 203 220 169 185 213 214 238 197 226 149 165 192 171 223 184 202 216 240 244 265 215 242 139 154 173 155 172 224 207 222 241 266 147 166 152 164 239 201 230 252 
226 -> 215 220 242 141 197 228 203 227 241 272 123 148 210 225 240 261 116 194 238 185 213 
227 -> 220 225 203 226 210 197 215 242 194 169 185 213 214 238 149 165 192 171 223 184 202 216 240 244 265 139 173 154 155 172 224 207 222 147 
228 -> 215 251 197 226 236 253 203 242 235 
229 -> 221 233 209 219 234 248 196 200 205 212 232 247 183 206 182 204 189 254 208 217 231 246 258 156 201 243 175 181 190 179 188 191 199 218 245 256 276 143 162 153 207 249 263 178 177 195 125 142 144 202 222 250 262 160 187 252 
230 -> 222 250 207 216 249 252 264 201 202 214 224 243 239 269 271 153 206 184 194 223 244 263 268 273 284 144 196 172 169 185 210 213 238 262 279 274 282 183 209 164 171 149 165 203 225 240 267 278 205 221 197 220 
231 -> 218 232 259 198 217 234 246 256 186 195 211 212 233 247 245 258 174 187 199 208 219 229 248 276 159 180 176 177 191 204 200 221 178 190 160 181 
232 -> 217 231 234 246 218 259 212 233 247 245 198 256 208 219 229 248 258 186 195 211 191 199 204 200 221 254 276 174 187 178 190 177 182 209 159 180 176 160 181 205 
233 -> 219 229 234 248 200 221 212 232 247 182 204 209 208 217 231 246 258 175 181 190 196 205 191 199 218 259 245 254 256 276 179 188 178 183 206 189 177 195 198 162 160 156 201 243 176 187 186 180 
234 -> 212 232 233 247 208 217 231 246 219 229 248 258 191 199 204 218 259 245 200 221 254 256 276 178 190 177 195 198 182 209 281 291 160 181 176 187 186 175 196 205 298 132 161 180 174 179 188 183 206 189 135 
235 -> 236 237 251 257 228 253 
236 -> 235 251 237 228 253 257 
237 -> 235 257 236 253 296 251 
238 -> 194 240 244 265 169 185 210 213 214 241 266 224 268 277 149 165 192 171 203 225 223 184 202 216 242 261 239 269 279 280 285 139 154 173 155 172 197 220 227 207 222 226 252 273 278 286 294 147 166 152 164 201 230 215 250 274 290 303 249 264 
239 -> 224 252 216 223 244 250 269 202 214 222 213 238 268 230 249 264 273 207 184 194 240 265 279 243 271 274 201 172 169 185 210 278 286 206 263 284 196 262 282 183 209 267 283 205 
240 -> 238 241 266 194 244 265 242 261 169 185 210 213 214 224 268 277 226 280 149 165 192 171 203 225 223 184 202 216 239 269 279 285 215 139 173 154 155 172 197 220 227 207 222 252 278 286 294 147 164 230 250 
241 -> 240 242 261 238 266 226 272 280 194 244 265 215 277 299 169 185 210 213 214 224 268 197 285 171 203 225 223 202 216 222 
242 -> 226 241 272 215 220 240 261 304 141 197 228 203 227 238 266 280 123 210 225 265 
243 -> 206 249 263 196 201 250 262 183 209 153 207 230 252 264 267 156 200 205 221 144 202 222 239 269 271 281 143 162 182 204 219 189 254 229 214 216 224 268 273 284 142 175 181 190 208 233 179 188 223 244 274 282 191 212 248 213 278 
244 -> 224 238 268 216 223 239 194 240 265 269 279 202 214 222 213 252 169 185 210 241 266 277 273 278 286 207 184 230 250 149 165 171 203 225 261 285 274 290 201 172 249 264 173 154 155 197 220 227 206 164 243 271 196 
245 -> 246 256 232 247 258 259 217 231 234 248 254 276 218 212 233 198 208 219 229 186 195 191 199 204 200 221 174 187 178 190 177 159 180 176 181 
246 -> 232 245 247 217 231 234 256 248 258 218 259 212 233 254 276 198 208 219 229 291 186 195 191 199 204 200 221 174 187 178 190 177 182 209 159 180 176 160 181 
247 -> 234 246 248 258 212 232 233 245 254 256 276 208 217 231 219 229 205 259 281 291 191 199 204 218 200 221 209 298 178 190 177 195 198 182 160 181 176 187 186 175 132 161 180 174 179 188 189 
248 -> 233 247 219 229 234 246 258 200 221 212 232 245 254 256 276 182 204 209 208 217 231 259 291 175 181 190 196 205 191 199 218 179 188 178 183 206 189 177 195 198 162 160 201 243 187 176 
249 -> 243 250 206 263 230 252 264 196 201 262 222 239 269 271 183 209 207 267 216 224 268 273 284 156 200 205 221 281 202 214 223 244 279 274 282 204 219 189 229 184 194 213 238 278 286 283 288 179 188 185 
250 -> 230 249 252 264 222 243 239 269 271 207 216 206 263 224 268 273 284 201 202 214 196 262 223 244 279 274 282 184 194 183 209 267 213 238 278 286 283 288 172 185 210 200 205 221 281 240 292 189 229 
251 -> 228 236 253 305 235 257 295 237 
252 -> 239 250 269 224 230 249 264 268 273 216 223 244 222 243 271 279 274 202 214 213 238 207 206 263 284 277 278 286 184 194 240 201 196 262 282 290 185 210 183 209 267 283 288 205 221 189 229 
253 -> 251 257 295 228 236 237 306 235 
254 -> 205 258 189 209 247 256 276 179 188 196 200 221 234 246 248 245 259 162 175 183 206 182 204 219 229 212 232 233 156 161 201 243 181 190 208 191 199 
255 -> 193 260 275 157 211 270 297 158 
256 -> 245 258 259 246 247 254 276 231 232 234 248 291 218 217 212 233 198 208 219 229 186 195 191 199 204 200 174 187 178 190 159 180 176 177 
257 -> 237 253 296 235 251 307 236 
258 -> 247 254 256 276 234 246 248 205 245 259 281 291 212 232 233 189 209 231 267 298 208 217 219 229 221 218 191 199 204 200 198 178 190 177 195 182 186 160 181 176 187 175 161 180 188 174 
259 -> 231 256 218 232 245 258 198 217 234 246 247 254 276 186 195 211 212 233 248 174 187 199 208 219 159 180 176 177 191 178 
260 -> 211 255 270 167 193 198 275 287 289 
261 -> 241 266 280 240 242 265 277 299 238 226 279 285 304 194 244 215 286 294 185 213 224 
262 -> 263 267 243 281 206 249 276 196 201 250 183 209 230 252 264 205 221 222 239 269 271 189 229 
263 -> 243 262 206 249 267 196 201 250 281 183 209 207 230 252 264 276 156 200 205 221 222 239 269 271 204 219 189 229 224 273 284 179 188 175 
264 -> 250 271 230 249 252 284 222 243 239 269 282 207 216 206 263 224 268 273 283 288 201 202 214 196 262 223 244 279 274 293 292 184 194 183 209 267 213 238 278 185 205 221 
265 -> 238 266 277 194 240 244 261 279 280 285 169 185 210 213 214 241 224 268 278 286 294 149 165 171 203 225 223 184 202 216 239 274 290 303 139 173 154 155 172 197 220 227 207 222 273 
266 -> 240 261 265 238 241 280 277 194 244 242 299 279 285 169 185 210 213 214 224 268 278 286 294 165 171 203 225 223 184 202 216 274 290 303 
267 -> 262 281 263 276 243 258 291 206 249 196 201 250 183 209 230 252 264 205 221 239 269 
268 -> 244 269 279 224 238 252 273 277 278 286 216 223 239 194 240 265 250 274 280 285 290 202 214 222 213 185 210 241 266 230 249 264 294 302 207 184 243 271 303 301 201 
269 -> 252 268 273 239 250 244 279 274 224 230 249 264 238 277 278 286 216 223 222 243 271 240 265 285 290 202 214 213 207 206 263 284 194 201 196 262 282 267 
270 -> 260 287 211 255 289 167 
271 -> 264 284 250 282 230 249 252 283 288 222 243 239 269 293 292 207 216 206 263 224 268 273 301 300 202 214 196 262 223 244 274 
272 -> 242 304 226 241 299 215 197 
273 -> 269 274 252 268 278 239 250 244 279 290 224 230 249 264 238 277 286 294 302 216 223 222 243 271 285 301 202 214 213 207 206 263 284 
274 -> 273 278 269 279 290 252 268 277 286 294 302 239 250 244 265 280 285 303 301 224 230 249 264 238 266 293 300 216 223 222 243 271 207 
275 -> 255 297 193 260 
276 -> 258 281 291 247 254 256 267 298 234 246 248 245 259 262 212 232 233 231 263 208 217 219 229 191 199 204 200 221 178 190 195 
277 -> 265 279 280 285 238 266 268 278 286 261 299 294 194 240 244 269 274 290 241 303 185 210 213 214 224 252 273 302 223 216 301 
278 -> 274 279 290 273 268 277 286 294 302 269 244 265 280 285 303 301 252 224 238 266 293 300 239 250 216 223 240 261 230 249 264 202 214 222 213 243 207 
279 -> 268 277 278 286 244 269 265 280 285 274 290 224 238 252 273 266 261 294 302 216 223 239 194 240 250 303 301 202 214 222 213 230 249 264 293 300 207 
280 -> 261 277 299 241 266 265 279 285 303 304 240 242 238 268 278 286 294 274 290 
281 -> 267 276 262 258 291 263 247 298 243 234 206 249 250 
282 -> 283 284 288 293 271 292 301 264 300 302 250 290 230 249 252 243 239 269 
283 -> 282 293 284 288 301 271 292 300 302 264 290 303 250 286 249 252 239 
284 -> 271 282 264 283 288 250 293 292 230 249 252 301 300 222 243 239 269 302 207 216 263 224 273 202 
285 -> 277 286 294 265 279 280 290 303 238 266 268 278 261 299 302 194 240 244 269 274 241 301 185 213 224 273 293 300 
286 -> 279 285 290 268 277 278 294 302 244 269 265 280 274 303 301 224 238 252 273 266 299 293 300 216 223 239 240 250 283 292 202 222 213 249 207 
287 -> 270 289 260 291 211 
288 -> 282 292 283 284 291 300 293 271 301 264 302 250 290 249 252 
289 -> 287 291 270 298 260 
290 -> 278 286 294 302 274 279 285 303 301 273 268 277 299 293 300 269 244 265 283 292 252 224 282 288 239 250 
291 -> 276 289 292 298 258 281 287 288 247 256 267 234 246 248 212 208 
292 -> 288 291 300 282 301 283 284 293 302 271 290 303 264 286 250 
293 -> 283 301 282 300 302 284 288 292 290 303 271 278 286 294 299 264 274 279 285 277 
294 -> 285 290 303 277 286 278 302 299 265 279 280 274 301 304 238 266 268 261 273 293 300 240 244 269 
295 -> 253 296 306 251 307 305 
296 -> 257 295 307 237 306 
297 -> 275 255 
298 -> 291 300 276 289 258 281 247 234 
299 -> 280 303 304 261 277 294 302 272 241 266 285 290 301 293 
300 -> 292 298 301 288 293 302 282 283 290 303 284 278 286 294 271 274 279 285 
301 -> 293 300 302 283 292 290 303 282 288 278 286 294 299 284 274 279 285 271 273 268 277 269 
302 -> 290 301 303 278 286 294 293 300 299 274 279 285 283 292 304 273 268 277 282 288 269 284 
303 -> 294 299 302 285 290 280 304 301 277 286 278 293 300 265 279 274 283 292 238 266 268 
304 -> 272 299 305 242 280 303 261 294 302 285 
305 -> 251 304 306 295 307 
306 -> 295 305 307 253 296 
307 -> 296 306 257 295 305 
-1