10,1.13637,3.11845,0.0736991,1,0.623333,1,0.8
时间1,(9162,4662),(6624,1332),(5292,5058),(6372,5220),(7722,3636),(11142,5274),(6282,2142),(9846,5976),(4932,3348),(8118,7668)
时间2,(9198,4392),(6704.85,1008.62),(5508,4878),(6405.17,4888.32),(7506,3618),(10809.1,5256.48),(6164.96,1829.89),(9846,5642.66),(5166,3330),(8083.7,7336.43)
时间3,(9180,4086),(6768,756),(5634,4860),(6408,4860),(7722,3636),(10476.2,5238.96),(6120,1710),(9846,5309.33),(4932,3348),(8064,7146)
时间4,(8846.71,4091.29),(6687.15,1079.38),(5845.9,4602.69),(6374.83,5191.68),(7506,3618),(10458,5238),(6237.04,2022.11),(9846,5292),(5166,3330),(8098.3,7477.57)
时间5,(8513.41,4096.58),(6624,1332),(5886,4554),(6372,5220),(7722,3636),(10790.9,5255.52),(6282,2142),(9846,5625.34),(4932,3348),(8118,7668)
时间6,(8180.12,4101.87),(6876,1350),(5674.1,4811.31),(6372,5553.34),(7506,3618),(11123.8,5273.04),(6336,2358),(9846,5958.67),(5166,3330),(8118,7974)
时间7,(8046,4104),(6624,1332),(5634,4860),(6372,5886.67),(7722,3636),(11142,5274),(6282,2142),(9846,5976),(4932,3348),(7784.77,7965.67)
时间8,(8379.29,4098.71),(6876,1350),(5562,4608),(6372,6210),(7506,3618),(11475.1,5286.57),(6336,2358),(9810,6300),(5166,3330),(7451.54,7957.34)
时间9,(8712.59,4093.42),(6624,1332),(5634,4860),(6698.86,6275.37),(7722,3636),(11808.2,5299.14),(6282,2142),(10143,6313.88),(4932,3348),(7398,7956)
时间10,(9045.88,4088.13),(6876,1350),(5845.9,4602.69),(6732,6282),(7506,3618),(12141.3,5311.71),(6336,2358),(10242,6318),(5166,3330),(7731.23,7964.33)
时间11,(9180,4086),(6624,1332),(5886,4554),(6738.94,6615.26),(7722,3636),(12474.4,5324.28),(6282,2142),(10262.8,6650.69),(4932,3348),(8064.46,7972.66)
时间12,(8846.71,4091.29),(6876,1350),(5674.1,4811.31),(6745.89,6948.53),(7506,3618),(12807.5,5336.85),(6336,2358),(10283.6,6983.37),(5166,3330),(8118,7974)
时间13,(8513.41,4096.58),(6624,1332),(5634,4860),(6750,7146),(7722,3636),(13050,5346),(6282,2142),(10296,7182),(4932,3348),(7784.77,7965.67)
时间14,(8180.12,4101.87),(6876,1350),(5562,4608),(6750,7479.34),(7506,3618),(13234.1,5623.87),(6336,2358),(10321.6,7514.35),(5166,3330),(7451.54,7957.34)
时间15,(8046,4104),(6624,1332),(5634,4860),(6750,7812.67),(7722,3636),(13418.3,5901.73),(6282,2142),(10332,7650),(4932,3348),(7398,7956)
时间16,(8379.29,4098.71),(6876,1350),(5562,4608),(6750,7956),(7506,3618),(13602.4,6179.6),(6336,2358),(10306.4,7317.65),(5166,3330),(7731.23,7964.33)
时间17,(8712.59,4093.42),(6624,1332),(5634,4860),(7083.34,7956),(7722,3636),(13786.5,6457.47),(6282,2142),(10296,7182),(4932,3348),(8064.46,7972.66)
时间18,(9045.88,4088.13),(6876,1350),(5845.9,4602.69),(7398,7956),(7506,3618),(13970.6,6735.33),(6336,2358),(9962.83,7171.42),(5166,3330),(8118,7974)
时间19,(9180,4086),(6624,1332),(5886,4554),(7064.66,7956),(7722,3636),(14040,6840),(6282,2142),(9629.66,7160.85),(4932,3348),(7784.77,7965.67)
时间20,(8846.71,4091.29),(6876,1350),(5674.1,4811.31),(6750,7956),(7506,3618),(14373.3,6840),(6336,2358),(9296.5,7150.27),(5166,3330),(7451.54,7957.34)
时间21,(8513.41,4096.58),(6624,1332),(5634,4860),(7083.34,7956),(7722,3636),(14418,6840),(6282,2142),(9162,7146),(4932,3348),(7398,7956)
时间22,(8180.12,4101.87),(6876,1350),(5562,4608),(7398,7956),(7506,3618),(14544,7020),(6336,2358),(9495.17,7156.58),(5166,3330),(7731.23,7964.33)
时间23,(8046,4104),(6624,1332),(5634,4860),(7064.66,7956),(7722,3636),(14418,6840),(6282,2142),(9828.34,7167.15),(4932,3348),(8064.46,7972.66)
时间24,(8379.29,4098.71),(6876,1350),(5562,4608),(6750,7956),(7506,3618),(14544,7020),(6336,2358),(10161.5,7177.73),(5166,3330),(8118,7974)
时间25,(8712.59,4093.42),(6624,1332),(5634,4860),(7083.34,7956),(7722,3636),(14418,6840),(6282,2142),(10296,7182),(4932,3348),(7784.77,7965.67)
时间26,(9045.88,4088.13),(6876,1350),(5845.9,4602.69),(7398,7956),(7506,3618),(14544,7020),(6336,2358),(9962.83,7171.42),(5166,3330),(7451.54,7957.34)
时间27,(9180,4086),(6624,1332),(5886,4554),(7064.66,7956),(7722,3636),(14418,6840),(6282,2142),(9629.66,7160.85),(4932,3348),(7398,7956)
时间28,(8846.71,4091.29),(6876,1350),(5674.1,4811.31),(6750,7956),(7506,3618),(14544,7020),(6336,2358),(9296.5,7150.27),(5166,3330),(7731.23,7964.33)
时间29,(8513.41,4096.58),(6624,1332),(5634,4860),(7083.34,7956),(7722,3636),(14418,6840),(6282,2142),(9162,7146),(4932,3348),(8064.46,7972.66)
时间30,(8180.12,4101.87),(6876,1350),(5562,4608),(7398,7956),(7506,3618),(14544,7020),(6336,2358),(9495.17,7156.58),(5166,3330),(8118,7974)
时间31,(8046,4104),(6624,1332),(5634,4860),(7064.66,7956),(7722,3636),(14418,6840),(6282,2142),(9828.34,7167.15),(4932,3348),(7784.77,7965.67)
时间32,(8379.29,4098.71),(6876,1350),(5562,4608),(6750,7956),(7506,3618),(14544,7020),(6336,2358),(10161.5,7177.73),(5166,3330),(7451.54,7957.34)
时间33,(8712.59,4093.42),(6624,1332),(5634,4860),(7083.34,7956),(7722,3636),(14418,6840),(6282,2142),(10296,7182),(4932,3348),(7398,7956)
时间34,(9045.88,4088.13),(6876,1350),(5845.9,4602.69),(7398,7956),(7506,3618),(14544,7020),(6336,2358),(9962.83,7171.42),(5166,3330),(7731.23,7964.33)
时间35,(9180,4086),(6624,1332),(5886,4554),(7064.66,7956),(7722,3636),(14418,6840),(6282,2142),(9629.66,7160.85),(4932,3348),(8064.46,7972.66)
时间36,(8846.71,4091.29),(6876,1350),(5674.1,4811.31),(6750,7956),(7506,3618),(14544,7020),(6336,2358),(9296.5,7150.27),(5166,3330),(8118,7974)
时间37,(8513.41,4096.58),(6624,1332),(5634,4860),(7083.34,7956),(7722,3636),(14418,6840),(6282,2142),(9162,7146),(4932,3348),(7784.77,7965.67)
时间38,(8180.12,4101.87),(6876,1350),(5562,4608),(7398,7956),(7506,3618),(14544,7020),(6336,2358),(9495.17,7156.58),(5166,3330),(7451.54,7957.34)
时间39,(8046,4104),(6624,1332),(5634,4860),(7064.66,7956),(7722,3636),(14418,6840),(6282,2142),(9828.34,7167.15),(4932,3348),(7398,7956)
时间40,(8379.29,4098.71),(6876,1350),(5562,4608),(6750,7956),(7506,3618),(14544,7020),(6336,2358),(10161.5,7177.73),(5166,3330),(7731.23,7964.33)
时间41,(8712.59,4093.42),(6624,1332),(5634,4860),(7083.34,7956),(7722,3636),(14418,6840),(6282,2142),(10296,7182),(4932,3348),(8064.46,7972.66)
时间42,(9045.88,4088.13),(6876,1350),(5845.9,4602.69),(7398,7956),(7506,3618),(14544,7020),(6336,2358),(9962.83,7171.42),(5166,3330),(8118,7974)
时间43,(9180,4086),(6624,1332),(5886,4554),(7064.66,7956),(7722,3636),(14418,6840),(6282,2142),(9629.66,7160.85),(4932,3348),(7784.77,7965.67)
时间44,(8846.71,4091.29),(6876,1350),(5674.1,4811.31),(6750,7956),(7506,3618),(14544,7020),(6336,2358),(9296.5,7150.27),(5166,3330),(7451.54,7957.34)
时间45,(8513.41,4096.58),(6624,1332),(5634,4860),(7083.34,7956),(7722,3636),(14418,6840),(6282,2142),(9162,7146),(4932,3348),(7398,7956)
时间46,(8180.12,4101.87),(6876,1350),(5562,4608),(7398,7956),(7506,3618),(14544,7020),(6336,2358),(9495.17,7156.58),(5166,3330),(7731.23,7964.33)
时间47,(8046,4104),(6624,1332),(5634,4860),(7064.66,7956),(7722,3636),(14418,6840),(6282,2142),(9828.34,7167.15),(4932,3348),(8064.46,7972.66)
时间48,(8379.29,4098.71),(6876,1350),(5562,4608),(6750,7956),(7506,3618),(14544,7020),(6336,2358),(10161.5,7177.73),(5166,3330),(8118,7974)
时间49,(8712.59,4093.42),(6624,1332),(5634,4860),(7083.34,7956),(7722,3636),(14418,6840),(6282,2142),(10296,7182),(4932,3348),(7784.77,7965.67)
时间50,(9045.88,4088.13),(6876,1350),(5845.9,4602.69),(7398,7956),(7506,3618),(14544,7020),(6336,2358),(9962.83,7171.42),(5166,3330),(7451.54,7957.34)
时间51,(9180,4086),(6624,1332),(5886,4554),(7064.66,7956),(7722,3636),(14418,6840),(6282,2142),(9629.66,7160.85),(4932,3348),(7398,7956)
时间52,(8846.71,4091.29),(6876,1350),(5674.1,4811.31),(6750,7956),(7506,3618),(14544,7020),(6336,2358),(9296.5,7150.27),(5166,3330),(7731.23,7964.33)
时间53,(8513.41,4096.58),(6624,1332),(5634,4860),(7083.34,7956),(7722,3636),(14418,6840),(6282,2142),(9162,7146),(4932,3348),(8064.46,7972.66)
时间54,(8180.12,4101.87),(6876,1350),(5562,4608),(7398,7956),(7506,3618),(14544,7020),(6336,2358),(9495.17,7156.58),(5166,3330),(8118,7974)
时间55,(8046,4104),(6624,1332),(5634,4860),(7064.66,7956),(7722,3636),(14418,6840),(6282,2142),(9828.34,7167.15),(4932,3348),(7784.77,7965.67)
时间56,(8379.29,4098.71),(6876,1350),(5562,4608),(6750,7956),(7506,3618),(14544,7020),(6336,2358),(10161.5,7177.73),(5166,3330),(7451.54,7957.34)
时间57,(8712.59,4093.42),(6624,1332),(5634,4860),(7083.34,7956),(7722,3636),(14418,6840),(6282,2142),(10296,7182),(4932,3348),(7398,7956)
时间58,(9045.88,4088.13),(6876,1350),(5845.9,4602.69),(7398,7956),(7506,3618),(14544,7020),(6336,2358),(9962.83,7171.42),(5166,3330),(7731.23,7964.33)
时间59,(9180,4086),(6624,1332),(5886,4554),(7064.66,7956),(7722,3636),(14418,6840),(6282,2142),(9629.66,7160.85),(4932,3348),(8064.46,7972.66)
时间60,(8846.71,4091.29),(6876,1350),(5674.1,4811.31),(6750,7956),(7506,3618),(14544,7020),(6336,2358),(9296.5,7150.27),(5166,3330),(8118,7974)
时间61,(8513.41,4096.58),(6624,1332),(5634,4860),(7083.34,7956),(7722,3636),(14418,6840),(6282,2142),(9162,7146),(4932,3348),(7784.77,7965.67)
时间62,(8180.12,4101.87),(6876,1350),(5562,4608),(7398,7956),(7506,3618),(14544,7020),(6336,2358),(9495.17,7156.58),(5166,3330),(7451.54,7957.34)
时间63,(8046,4104),(6624,1332),(5634,4860),(7064.66,7956),(7722,3636),(14418,6840),(6282,2142),(9828.34,7167.15),(4932,3348),(7398,7956)
时间64,(8379.29,4098.71),(6876,1350),(5562,4608),(6750,7956),(7506,3618),(14544,7020),(6336,2358),(10161.5,7177.73),(5166,3330),(7731.23,7964.33)
时间65,(8712.59,4093.42),(6624,1332),(5634,4860),(7083.34,7956),(7722,3636),(14418,6840),(6282,2142),(10296,7182),(4932,3348),(8064.46,7972.66)
时间66,(9045.88,4088.13),(6876,1350),(5845.9,4602.69),(7398,7956),(7506,3618),(14544,7020),(6336,2358),(9962.83,7171.42),(5166,3330),(8118,7974)
时间67,(9180,4086),(6624,1332),(5886,4554),(7064.66,7956),(7722,3636),(14418,6840),(6282,2142),(9629.66,7160.85),(4932,3348),(7784.77,7965.67)
时间68,(8846.71,4091.29),(6876,1350),(5674.1,4811.31),(6750,7956),(7506,3618),(14544,7020),(6336,2358),(9296.5,7150.27),(5166,3330),(7451.54,7957.34)
时间69,(8513.41,4096.58),(6624,1332),(5634,4860),(7083.34,7956),(7722,3636),(14418,6840),(6282,2142),(9162,7146),(4932,3348),(7398,7956)
时间70,(8180.12,4101.87),(6876,1350),(5562,4608),(7398,7956),(7506,3618),(14544,7020),(6336,2358),(9495.17,7156.58),(5166,3330),(7731.23,7964.33)
时间71,(8046,4104),(6624,1332),(5634,4860),(7064.66,7956),(7722,3636),(14418,6840),(6282,2142),(9828.34,7167.15),(4932,3348),(8064.46,7972.66)
时间72,(8379.29,4098.71),(6876,1350),(5562,4608),(6750,7956),(7506,3618),(14544,7020),(6336,2358),(10161.5,7177.73),(5166,3330),(8118,7974)
时间73,(8712.59,4093.42),(6624,1332),(5634,4860),(7083.34,7956),(7722,3636),(14418,6840),(6282,2142),(10296,7182),(4932,3348),(7784.77,7965.67)
时间74,(9045.88,4088.13),(6876,1350),(5845.9,4602.69),(7398,7956),(7506,3618),(14544,7020),(6336,2358),(9962.83,7171.42),(5166,3330),(7451.54,7957.34)
时间75,(9180,4086),(6624,1332),(5886,4554),(7064.66,7956),(7722,3636),(14418,6840),(6282,2142),(9629.66,7160.85),(4932,3348),(7398,7956)
时间76,(8846.71,4091.29),(6876,1350),(5674.1,4811.31),(6750,7956),(7506,3618),(14544,7020),(6336,2358),(9296.5,7150.27),(5166,3330),(7731.23,7964.33)
时间77,(8513.41,4096.58),(6624,1332),(5634,4860),(7083.34,7956),(7722,3636),(14418,6840),(6282,2142),(9162,7146),(4932,3348),(8064.46,7972.66)
时间78,(8180.12,4101.87),(6876,1350),(5562,4608),(7398,7956),(7506,3618),(14544,7020),(6336,2358),(9495.17,7156.58),(5166,3330),(8118,7974)
时间79,(8046,4104),(6624,1332),(5634,4860),(7064.66,7956),(7722,3636),(14418,6840),(6282,2142),(9828.34,7167.15),(4932,3348),(7784.77,7965.67)
时间80,(8379.29,4098.71),(6876,1350),(5562,4608),(6750,7956),(7506,3618),(14544,7020),(6336,2358),(10161.5,7177.73),(5166,3330),(7451.54,7957.34)
时间81,(8712.59,4093.42),(6624,1332),(5634,4860),(7083.34,7956),(7722,3636),(14418,6840),(6282,2142),(10296,7182),(4932,3348),(7398,7956)
时间82,(9045.88,4088.13),(6876,1350),(5845.9,4602.69),(7398,7956),(7506,3618),(14544,7020),(6336,2358),(9962.83,7171.42),(5166,3330),(7731.23,7964.33)
时间83,(9180,4086),(6624,1332),(5886,4554),(7064.66,7956),(7722,3636),(14418,6840),(6282,2142),(9629.66,7160.85),(4932,3348),(8064.46,7972.66)
时间84,(8846.71,4091.29),(6876,1350),(5674.1,4811.31),(6750,7956),(7506,3618),(14544,7020),(6336,2358),(9296.5,7150.27),(5166,3330),(8118,7974)
时间85,(8513.41,4096.58),(6624,1332),(5634,4860),(7083.34,7956),(7722,3636),(14418,6840),(6282,2142),(9162,7146),(4932,3348),(7784.77,7965.67)
时间86,(8180.12,4101.87),(6876,1350),(5562,4608),(7398,7956),(7506,3618),(14544,7020),(6336,2358),(9495.17,7156.58),(5166,3330),(7451.54,7957.34)
时间87,(8046,4104),(6624,1332),(5634,4860),(7064.66,7956),(7722,3636),(14418,6840),(6282,2142),(9828.34,7167.15),(4932,3348),(7398,7956)
时间88,(8379.29,4098.71),(6876,1350),(5562,4608),(6750,7956),(7506,3618),(14544,7020),(6336,2358),(10161.5,7177.73),(5166,3330),(7731.23,7964.33)
时间89,(8712.59,4093.42),(6624,1332),(5634,4860),(7083.34,7956),(7722,3636),(14418,6840),(6282,2142),(10296,7182),(4932,3348),(8064.46,7972.66)
时间90,(9045.88,4088.13),(6876,1350),(5845.9,4602.69),(7398,7956),(7506,3618),(14544,7020),(6336,2358),(9962.83,7171.42),(5166,3330),(8118,7974)
时间91,(9180,4086),(6624,1332),(5886,4554),(7064.66,7956),(7722,3636),(14418,6840),(6282,2142),(9629.66,7160.85),(4932,3348),(7784.77,7965.67)
时间92,(8846.71,4091.29),(6876,1350),(5674.1,4811.31),(6750,7956),(7506,3618),(14544,7020),(6336,2358),(9296.5,7150.27),(5166,3330),(7451.54,7957.34)
时间93,(8513.41,4096.58),(6624,1332),(5634,4860),(7083.34,7956),(7722,3636),(14418,6840),(6282,2142),(9162,7146),(4932,3348),(7398,7956)
时间94,(8180.12,4101.87),(6876,1350),(5562,4608),(7398,7956),(7506,3618),(14544,7020),(6336,2358),(9495.17,7156.58),(5166,3330),(7731.23,7964.33)
时间95,(8046,4104),(6624,1332),(5634,4860),(7064.66,7956),(7722,3636),(14418,6840),(6282,2142),(9828.34,7167.15),(4932,3348),(8064.46,7972.66)
时间96,(8379.29,4098.71),(6876,1350),(5562,4608),(6750,7956),(7506,3618),(14544,7020),(6336,2358),(10161.5,7177.73),(5166,3330),(8118,7974)
时间97,(8712.59,4093.42),(6624,1332),(5634,4860),(7083.34,7956),(7722,3636),(14418,6840),(6282,2142),(10296,7182),(4932,3348),(7784.77,7965.67)
时间98,(9045.88,4088.13),(6876,1350),(5845.9,4602.69),(7398,7956),(7506,3618),(14544,7020),(6336,2358),(9962.83,7171.42),(5166,3330),(7451.54,7957.34)
时间99,(9180,4086),(6624,1332),(5886,4554),(7064.66,7956),(7722,3636),(14418,6840),(6282,2142),(9629.66,7160.85),(4932,3348),(7398,7956)
时间100,(8846.71,4091.29),(6876,1350),(5674.1,4811.31),(6750,7956),(7506,3618),(14544,7020),(6336,2358),(9296.5,7150.27),(5166,3330),(7731.23,7964.33)
时间101,(8513.41,4096.58),(6624,1332),(5634,4860),(7083.34,7956),(7722,3636),(14418,6840),(6282,2142),(9162,7146),(4932,3348),(8064.46,7972.66)
时间102,(8180.12,4101.87),(6876,1350),(5562,4608),(7398,7956),(7506,3618),(14544,7020),(6336,2358),(9495.17,7156.58),(5166,3330),(8118,7974)
时间103,(8046,4104),(6624,1332),(5634,4860),(7064.66,7956),(7722,3636),(14418,6840),(6282,2142),(9828.34,7167.15),(4932,3348),(7784.77,7965.67)
时间104,(8379.29,4098.71),(6876,1350),(5562,4608),(6750,7956),(7506,3618),(14544,7020),(6336,2358),(10161.5,7177.73),(5166,3330),(7451.54,7957.34)
时间105,(8712.59,4093.42),(6624,1332),(5634,4860),(7083.34,7956),(7722,3636),(14418,6840),(6282,2142),(10296,7182),(4932,3348),(7398,7956)
时间106,(9045.88,4088.13),(6876,1350),(5845.9,4602.69),(7398,7956),(7506,3618),(14544,7020),(6336,2358),(9962.83,7171.42),(5166,3330),(7731.23,7964.33)
时间107,(9180,4086),(6624,1332),(5886,4554),(7064.66,7956),(7722,3636),(14418,6840),(6282,2142),(9629.66,7160.85),(4932,3348),(8064.46,7972.66)
时间108,(8846.71,4091.29),(6876,1350),(5674.1,4811.31),(6750,7956),(7506,3618),(14544,7020),(6336,2358),(9296.5,7150.27),(5166,3330),(8118,7974)
时间109,(8513.41,4096.58),(6624,1332),(5634,4860),(7083.34,7956),(7722,3636),(14418,6840),(6282,2142),(9162,7146),(4932,3348),(7784.77,7965.67)
时间110,(8180.12,4101.87),(6876,1350),(5562,4608),(7398,7956),(7506,3618),(14544,7020),(6336,2358),(9495.17,7156.58),(5166,3330),(7451.54,7957.34)
时间111,(8046,4104),(6624,1332),(5634,4860),(7064.66,7956),(7722,3636),(14418,6840),(6282,2142),(9828.34,7167.15),(4932,3348),(7398,7956)
时间112,(8379.29,4098.71),(6876,1350),(5562,4608),(6750,7956),(7506,3618),(14544,7020),(6336,2358),(10161.5,7177.73),(5166,3330),(7731.23,7964.33)
时间113,(8712.59,4093.42),(6624,1332),(5634,4860),(7083.34,7956),(7722,3636),(14418,6840),(6282,2142),(10296,7182),(4932,3348),(8064.46,7972.66)
时间114,(9045.88,4088.13),(6876,1350),(5845.9,4602.69),(7398,7956),(7506,3618),(14544,7020),(6336,2358),(9962.83,7171.42),(5166,3330),(8118,7974)
时间115,(9180,4086),(6624,1332),(5886,4554),(7064.66,7956),(7722,3636),(14418,6840),(6282,2142),(9629.66,7160.85),(4932,3348),(7784.77,7965.67)
时间116,(8846.71,4091.29),(6876,1350),(5674.1,4811.31),(6750,7956),(7506,3618),(14544,7020),(6336,2358),(9296.5,7150.27),(5166,3330),(7451.54,7957.34)
时间117,(8513.41,4096.58),(6624,1332),(5634,4860),(7083.34,7956),(7722,3636),(14418,6840),(6282,2142),(9162,7146),(4932,3348),(7398,7956)
时间118,(8180.12,4101.87),(6876,1350),(5562,4608),(7398,7956),(7506,3618),(14544,7020),(6336,2358),(9495.17,7156.58),(5166,3330),(7731.23,7964.33)
时间119,(8046,4104),(6624,1332),(5634,4860),(7064.66,7956),(7722,3636),(14418,6840),(6282,2142),(9828.34,7167.15),(4932,3348),(8064.46,7972.66)
时间120,(8379.29,4098.71),(6876,1350),(5562,4608),(6750,7956),(7506,3618),(14544,7020),(6336,2358),(10161.5,7177.73),(5166,3330),(8118,7974)
时间121,(8712.59,4093.42),(6624,1332),(5634,4860),(7083.34,7956),(7722,3636),(14418,6840),(6282,2142),(10296,7182),(4932,3348),(7784.77,7965.67)
时间122,(9045.88,4088.13),(6876,1350),(5845.9,4602.69),(7398,7956),(7506,3618),(14544,7020),(6336,2358),(9962.83,7171.42),(5166,3330),(7451.54,7957.34)
时间123,(9180,4086),(6624,1332),(5886,4554),(7064.66,7956),(7722,3636),(14418,6840),(6282,2142),(9629.66,7160.85),(4932,3348),(7398,7956)
时间124,(8846.71,4091.29),(6876,1350),(5674.1,4811.31),(6750,7956),(7506,3618),(14544,7020),(6336,2358),(9296.5,7150.27),(5166,3330),(7731.23,7964.33)
时间125,(8513.41,4096.58),(6624,1332),(5634,4860),(7083.34,7956),(7722,3636),(14418,6840),(6282,2142),(9162,7146),(4932,3348),(8064.46,7972.66)
时间126,(8180.12,4101.87),(6876,1350),(5562,4608),(7398,7956),(7506,3618),(14544,7020),(6336,2358),(9495.17,7156.58),(5166,3330),(8118,7974)
时间127,(8046,4104),(6624,1332),(5634,4860),(7064.66,7956),(7722,3636),(14418,6840),(6282,2142),(9828.34,7167.15),(4932,3348),(7784.77,7965.67)
时间128,(8379.29,4098.71),(6876,1350),(5562,4608),(6750,7956),(7506,3618),(14544,7020),(6336,2358),(10161.5,7177.73),(5166,3330),(7451.54,7957.34)
时间129,(8712.59,4093.42),(6624,1332),(5634,4860),(7083.34,7956),(7722,3636),(14418,6840),(6282,2142),(10296,7182),(4932,3348),(7398,7956)
时间130,(9045.88,4088.13),(6876,1350),(5845.9,4602.69),(7398,7956),(7506,3618),(14544,7020),(6336,2358),(9962.83,7171.42),(5166,3330),(7731.23,7964.33)
时间131,(9180,4086),(6624,1332),(5886,4554),(7064.66,7956),(7722,3636),(14418,6840),(6282,2142),(9629.66,7160.85),(4932,3348),(8064.46,7972.66)
时间132,(8846.71,4091.29),(6876,1350),(5674.1,4811.31),(6750,7956),(7506,3618),(14544,7020),(6336,2358),(9296.5,7150.27),(5166,3330),(8118,7974)
时间133,(8513.41,4096.58),(6624,1332),(5634,4860),(7083.34,7956),(7722,3636),(14418,6840),(6282,2142),(9162,7146),(4932,3348),(7784.77,7965.67)
时间134,(8180.12,4101.87),(6876,1350),(5562,4608),(7398,7956),(7506,3618),(14544,7020),(6336,2358),(9495.17,7156.58),(5166,3330),(7451.54,7957.34)
时间135,(8046,4104),(6624,1332),(5634,4860),(7064.66,7956),(7722,3636),(14418,6840),(6282,2142),(9828.34,7167.15),(4932,3348),(7398,7956)
时间136,(8379.29,4098.71),(6876,1350),(5562,4608),(6750,7956),(7506,3618),(14544,7020),(6336,2358),(10161.5,7177.73),(5166,3330),(7731.23,7964.33)
时间137,(8712.59,4093.42),(6624,1332),(5634,4860),(7083.34,7956),(7722,3636),(14418,6840),(6282,2142),(10296,7182),(4932,3348),(8064.46,7972.66)
时间138,(9045.88,4088.13),(6876,1350),(5845.9,4602.69),(7398,7956),(7506,3618),(14544,7020),(6336,2358),(9962.83,7171.42),(5166,3330),(8118,7974)
时间139,(9180,4086),(6624,1332),(5886,4554),(7064.66,7956),(7722,3636),(14418,6840),(6282,2142),(9629.66,7160.85),(4932,3348),(7784.77,7965.67)
时间140,(8846.71,4091.29),(6876,1350),(5674.1,4811.31),(6750,7956),(7506,3618),(14544,7020),(6336,2358),(9296.5,7150.27),(5166,3330),(7451.54,7957.34)
时间141,(8513.41,4096.58),(6624,1332),(5634,4860),(7083.34,7956),(7722,3636),(14418,6840),(6282,2142),(9162,7146),(4932,3348),(7398,7956)
时间142,(8180.12,4101.87),(6876,1350),(5562,4608),(7398,7956),(7506,3618),(14544,7020),(6336,2358),(9495.17,7156.58),(5166,3330),(7731.23,7964.33)
时间143,(8046,4104),(6624,1332),(5634,4860),(7064.66,7956),(7722,3636),(14418,6840),(6282,2142),(9828.34,7167.15),(4932,3348),(8064.46,7972.66)
时间144,(8379.29,4098.71),(6876,1350),(5562,4608),(6750,7956),(7506,3618),(14544,7020),(6336,2358),(10161.5,7177.73),(5166,3330),(8118,7974)
时间145,(8712.59,4093.42),(6624,1332),(5634,4860),(7083.34,7956),(7722,3636),(14418,6840),(6282,2142),(10296,7182),(4932,3348),(7784.77,7965.67)
时间146,(9045.88,4088.13),(6876,1350),(5845.9,4602.69),(7398,7956),(7506,3618),(14544,7020),(6336,2358),(9962.83,7171.42),(5166,3330),(7451.54,7957.34)
时间147,(9180,4086),(6624,1332),(5886,4554),(7064.66,7956),(7722,3636),(14418,6840),(6282,2142),(9629.66,7160.85),(4932,3348),(7398,7956)
时间148,(8846.71,4091.29),(6876,1350),(5674.1,4811.31),(6750,7956),(7506,3618),(14544,7020),(6336,2358),(9296.5,7150.27),(5166,3330),(7731.23,7964.33)
时间149,(8513.41,4096.58),(6624,1332),(5634,4860),(7083.34,7956),(7722,3636),(14418,6840),(6282,2142),(9162,7146),(4932,3348),(8064.46,7972.66)
时间150,(8180.12,4101.87),(6876,1350),(5562,4608),(7398,7956),(7506,3618),(14544,7020),(6336,2358),(9495.17,7156.58),(5166,3330),(8118,7974)
时间151,(8046,4104),(6624,1332),(5634,4860),(7064.66,7956),(7722,3636),(14418,6840),(6282,2142),(9828.34,7167.15),(4932,3348),(7784.77,7965.67)
时间152,(8379.29,4098.71),(6876,1350),(5562,4608),(6750,7956),(7506,3618),(14544,7020),(6336,2358),(10161.5,7177.73),(5166,3330),(7451.54,7957.34)
时间153,(8712.59,4093.42),(6624,1332),(5634,4860),(7083.34,7956),(7722,3636),(14418,6840),(6282,2142),(10296,7182),(4932,3348),(7398,7956)
时间154,(9045.88,4088.13),(6876,1350),(5845.9,4602.69),(7398,7956),(7506,3618),(14544,7020),(6336,2358),(9962.83,7171.42),(5166,3330),(7731.23,7964.33)
时间155,(9180,4086),(6624,1332),(5886,4554),(7064.66,7956),(7722,3636),(14418,6840),(6282,2142),(9629.66,7160.85),(4932,3348),(8064.46,7972.66)
时间156,(8846.71,4091.29),(6876,1350),(5674.1,4811.31),(6750,7956),(7506,3618),(14544,7020),(6336,2358),(9296.5,7150.27),(5166,3330),(8118,7974)
时间157,(8513.41,4096.58),(6624,1332),(5634,4860),(7083.34,7956),(7722,3636),(14418,6840),(6282,2142),(9162,7146),(4932,3348),(7784.77,7965.67)
时间158,(8180.12,4101.87),(6876,1350),(5562,4608),(7398,7956),(7506,3618),(14544,7020),(6336,2358),(9495.17,7156.58),(5166,3330),(7451.54,7957.34)
时间159,(8046,4104),(6624,1332),(5634,4860),(7064.66,7956),(7722,3636),(14418,6840),(6282,2142),(9828.34,7167.15),(4932,3348),(7398,7956)
时间160,(8379.29,4098.71),(6876,1350),(5562,4608),(6750,7956),(7506,3618),(14544,7020),(6336,2358),(10161.5,7177.73),(5166,3330),(7731.23,7964.33)
时间161,(8712.59,4093.42),(6624,1332),(5634,4860),(7083.34,7956),(7722,3636),(14418,6840),(6282,2142),(10296,7182),(4932,3348),(8064.46,7972.66)
时间162,(9045.88,4088.13),(6876,1350),(5845.9,4602.69),(7398,7956),(7506,3618),(14544,7020),(6336,2358),(9962.83,7171.42),(5166,3330),(8118,7974)
时间163,(9180,4086),(6624,1332),(5886,4554),(7064.66,7956),(7722,3636),(14418,6840),(6282,2142),(9629.66,7160.85),(4932,3348),(7784.77,7965.67)
时间164,(8846.71,4091.29),(6876,1350),(5674.1,4811.31),(6750,7956),(7506,3618),(14544,7020),(6336,2358),(9296.5,7150.27),(5166,3330),(7451.54,7957.34)
时间165,(8513.41,4096.58),(6624,1332),(5634,4860),(7083.34,7956),(7722,3636),(14418,6840),(6282,2142),(9162,7146),(4932,3348),(7398,7956)
时间166,(8180.12,4101.87),(6876,1350),(5562,4608),(7398,7956),(7506,3618),(14544,7020),(6336,2358),(9495.17,7156.58),(5166,3330),(7731.23,7964.33)
时间167,(8046,4104),(6624,1332),(5634,4860),(7064.66,7956),(7722,3636),(14418,6840),(6282,2142),(9828.34,7167.15),(4932,3348),(8064.46,7972.66)
时间168,(8379.29,4098.71),(6876,1350),(5562,4608),(6750,7956),(7506,3618),(14544,7020),(6336,2358),(10161.5,7177.73),(5166,3330),(8118,7974)
时间169,(8712.59,4093.42),(6624,1332),(5634,4860),(7083.34,7956),(7722,3636),(14418,6840),(6282,2142),(10296,7182),(4932,3348),(7784.77,7965.67)
时间170,(9045.88,4088.13),(6876,1350),(5845.9,4602.69),(7398,7956),(7506,3618),(14544,7020),(6336,2358),(9962.83,7171.42),(5166,3330),(7451.54,7957.34)
时间171,(9180,4086),(6624,1332),(5886,4554),(7064.66,7956),(7722,3636),(14418,6840),(6282,2142),(9629.66,7160.85),(4932,3348),(7398,7956)
时间172,(8846.71,4091.29),(6876,1350),(5674.1,4811.31),(6750,7956),(7506,3618),(14544,7020),(6336,2358),(9296.5,7150.27),(5166,3330),(7731.23,7964.33)
时间173,(8513.41,4096.58),(6624,1332),(5634,4860),(7083.34,7956),(7722,3636),(14418,6840),(6282,2142),(9162,7146),(4932,3348),(8064.46,7972.66)
时间174,(8180.12,4101.87),(6876,1350),(5562,4608),(7398,7956),(7506,3618),(14544,7020),(6336,2358),(9495.17,7156.58),(5166,3330),(8118,7974)
时间175,(8046,4104),(6624,1332),(5634,4860),(7064.66,7956),(7722,3636),(14418,6840),(6282,2142),(9828.34,7167.15),(4932,3348),(7784.77,7965.67)
时间176,(8379.29,4098.71),(6876,1350),(5562,4608),(6750,7956),(7506,3618),(14544,7020),(6336,2358),(10161.5,7177.73),(5166,3330),(7451.54,7957.34)
时间177,(8712.59,4093.42),(6624,1332),(5634,4860),(7083.34,7956),(7722,3636),(14418,6840),(6282,2142),(10296,7182),(4932,3348),(7398,7956)
时间178,(9045.88,4088.13),(6876,1350),(5845.9,4602.69),(7398,7956),(7506,3618),(14544,7020),(6336,2358),(9962.83,7171.42),(5166,3330),(7731.23,7964.33)
时间179,(9180,4086),(6624,1332),(5886,4554),(7064.66,7956),(7722,3636),(14418,6840),(6282,2142),(9629.66,7160.85),(4932,3348),(8064.46,7972.66)
时间180,(8846.71,4091.29),(6876,1350),(5674.1,4811.31),(6750,7956),(7506,3618),(14544,7020),(6336,2358),(9296.5,7150.27),(5166,3330),(8118,7974)
时间181,(8513.41,4096.58),(6624,1332),(5634,4860),(7083.34,7956),(7722,3636),(14418,6840),(6282,2142),(9162,7146),(4932,3348),(7784.77,7965.67)
时间182,(8180.12,4101.87),(6876,1350),(5562,4608),(7398,7956),(7506,3618),(14544,7020),(6336,2358),(9495.17,7156.58),(5166,3330),(7451.54,7957.34)
时间183,(8046,4104),(6624,1332),(5634,4860),(7064.66,7956),(7722,3636),(14418,6840),(6282,2142),(9828.34,7167.15),(4932,3348),(7398,7956)
时间184,(8379.29,4098.71),(6876,1350),(5562,4608),(6750,7956),(7506,3618),(14544,7020),(6336,2358),(10161.5,7177.73),(5166,3330),(7731.23,7964.33)
时间185,(8712.59,4093.42),(6624,1332),(5634,4860),(7083.34,7956),(7722,3636),(14418,6840),(6282,2142),(10296,7182),(4932,3348),(8064.46,7972.66)
时间186,(9045.88,4088.13),(6876,1350),(5845.9,4602.69),(7398,7956),(7506,3618),(14544,7020),(6336,2358),(9962.83,7171.42),(5166,3330),(8118,7974)
时间187,(9180,4086),(6624,1332),(5886,4554),(7064.66,7956),(7722,3636),(14418,6840),(6282,2142),(9629.66,7160.85),(4932,3348),(7784.77,7965.67)
时间188,(8846.71,4091.29),(6876,1350),(5674.1,4811.31),(6750,7956),(7506,3618),(14544,7020),(6336,2358),(9296.5,7150.27),(5166,3330),(7451.54,7957.34)
时间189,(8513.41,4096.58),(6624,1332),(5634,4860),(7083.34,7956),(7722,3636),(14418,6840),(6282,2142),(9162,7146),(4932,3348),(7398,7956)
时间190,(8180.12,4101.87),(6876,1350),(5562,4608),(7398,7956),(7506,3618),(14544,7020),(6336,2358),(9495.17,7156.58),(5166,3330),(7731.23,7964.33)
时间191,(8046,4104),(6624,1332),(5634,4860),(7064.66,7956),(7722,3636),(14418,6840),(6282,2142),(9828.34,7167.15),(4932,3348),(8064.46,7972.66)
时间192,(8379.29,4098.71),(6876,1350),(5562,4608),(6750,7956),(7506,3618),(14544,7020),(6336,2358),(10161.5,7177.73),(5166,3330),(8118,7974)
时间193,(8712.59,4093.42),(6624,1332),(5634,4860),(7083.34,7956),(7722,3636),(14418,6840),(6282,2142),(10296,7182),(4932,3348),(7784.77,7965.67)
时间194,(9045.88,4088.13),(6876,1350),(5845.9,4602.69),(7398,7956),(7506,3618),(14544,7020),(6336,2358),(9962.83,7171.42),(5166,3330),(7451.54,7957.34)
时间195,(9180,4086),(6624,1332),(5886,4554),(7064.66,7956),(7722,3636),(14418,6840),(6282,2142),(9629.66,7160.85),(4932,3348),(7398,7956)
时间196,(8846.71,4091.29),(6876,1350),(5674.1,4811.31),(6750,7956),(7506,3618),(14544,7020),(6336,2358),(9296.5,7150.27),(5166,3330),(7731.23,7964.33)
时间197,(8513.41,4096.58),(6624,1332),(5634,4860),(7083.34,7956),(7722,3636),(14418,6840),(6282,2142),(9162,7146),(4932,3348),(8064.46,7972.66)
时间198,(8180.12,4101.87),(6876,1350),(5562,4608),(7398,7956),(7506,3618),(14544,7020),(6336,2358),(9495.17,7156.58),(5166,3330),(8118,7974)
时间199,(8046,4104),(6624,1332),(5634,4860),(7064.66,7956),(7722,3636),(14418,6840),(6282,2142),(9828.34,7167.15),(4932,3348),(7784.77,7965.67)
时间200,(8379.29,4098.71),(6876,1350),(5562,4608),(6750,7956),(7506,3618),(14544,7020),(6336,2358),(10161.5,7177.73),(5166,3330),(7451.54,7957.34)
时间201,(8712.59,4093.42),(6624,1332),(5634,4860),(7083.34,7956),(7722,3636),(14418,6840),(6282,2142),(10296,7182),(4932,3348),(7398,7956)
时间202,(9045.88,4088.13),(6876,1350),(5845.9,4602.69),(7398,7956),(7506,3618),(14544,7020),(6336,2358),(9962.83,7171.42),(5166,3330),(7731.23,7964.33)
时间203,(9180,4086),(6624,1332),(5886,4554),(7064.66,7956),(7722,3636),(14418,6840),(6282,2142),(9629.66,7160.85),(4932,3348),(8064.46,7972.66)
时间204,(8846.71,4091.29),(6876,1350),(5674.1,4811.31),(6750,7956),(7506,3618),(14544,7020),(6336,2358),(9296.5,7150.27),(5166,3330),(8118,7974)
时间205,(8513.41,4096.58),(6624,1332),(5634,4860),(7083.34,7956),(7722,3636),(14418,6840),(6282,2142),(9162,7146),(4932,3348),(7784.77,7965.67)
时间206,(8180.12,4101.87),(6876,1350),(5562,4608),(7398,7956),(7506,3618),(14544,7020),(6336,2358),(9495.17,7156.58),(5166,3330),(7451.54,7957.34)
时间207,(8046,4104),(6624,1332),(5634,4860),(7064.66,7956),(7722,3636),(14418,6840),(6282,2142),(9828.34,7167.15),(4932,3348),(7398,7956)
时间208,(8379.29,4098.71),(6876,1350),(5562,4608),(6750,7956),(7506,3618),(14544,7020),(6336,2358),(10161.5,7177.73),(5166,3330),(7731.23,7964.33)
时间209,(8712.59,4093.42),(6624,1332),(5634,4860),(7083.34,7956),(7722,3636),(14418,6840),(6282,2142),(10296,7182),(4932,3348),(8064.46,7972.66)
时间210,(9045.88,4088.13),(6876,1350),(5845.9,4602.69),(7398,7956),(7506,3618),(14544,7020),(6336,2358),(9962.83,7171.42),(5166,3330),(8118,7974)
时间211,(9180,4086),(6624,1332),(5886,4554),(7064.66,7956),(7722,3636),(14418,6840),(6282,2142),(9629.66,7160.85),(4932,3348),(7784.77,7965.67)
时间212,(8846.71,4091.29),(6876,1350),(5674.1,4811.31),(6750,7956),(7506,3618),(14544,7020),(6336,2358),(9296.5,7150.27),(5166,3330),(7451.54,7957.34)
时间213,(8513.41,4096.58),(6624,1332),(5634,4860),(7083.34,7956),(7722,3636),(14418,6840),(6282,2142),(9162,7146),(4932,3348),(7398,7956)
时间214,(8180.12,4101.87),(6876,1350),(5562,4608),(7398,7956),(7506,3618),(14544,7020),(6336,2358),(9495.17,7156.58),(5166,3330),(7731.23,7964.33)
时间215,(8046,4104),(6624,1332),(5634,4860),(7064.66,7956),(7722,3636),(14418,6840),(6282,2142),(9828.34,7167.15),(4932,3348),(8064.46,7972.66)
时间216,(8379.29,4098.71),(6876,1350),(5562,4608),(6750,7956),(7506,3618),(14544,7020),(6336,2358),(10161.5,7177.73),(5166,3330),(8118,7974)
时间217,(8712.59,4093.42),(6624,1332),(5634,4860),(7083.34,7956),(7722,3636),(14418,6840),(6282,2142),(10296,7182),(4932,3348),(7784.77,7965.67)
时间218,(9045.88,4088.13),(6876,1350),(5845.9,4602.69),(7398,7956),(7506,3618),(14544,7020),(6336,2358),(9962.83,7171.42),(5166,3330),(7451.54,7957.34)
时间219,(9180,4086),(6624,1332),(5886,4554),(7064.66,7956),(7722,3636),(14418,6840),(6282,2142),(9629.66,7160.85),(4932,3348),(7398,7956)
时间220,(8846.71,4091.29),(6876,1350),(5674.1,4811.31),(6750,7956),(7506,3618),(14544,7020),(6336,2358),(9296.5,7150.27),(5166,3330),(7731.23,7964.33)
时间221,(8513.41,4096.58),(6624,1332),(5634,4860),(7083.34,7956),(7722,3636),(14418,6840),(6282,2142),(9162,7146),(4932,3348),(8064.46,7972.66)
时间222,(8180.12,4101.87),(6876,1350),(5562,4608),(7398,7956),(7506,3618),(14544,7020),(6336,2358),(9495.17,7156.58),(5166,3330),(8118,7974)
时间223,(8046,4104),(6624,1332),(5634,4860),(7064.66,7956),(7722,3636),(14418,6840),(6282,2142),(9828.34,7167.15),(4932,3348),(7784.77,7965.67)
时间224,(8379.29,4098.71),(6876,1350),(5562,4608),(6750,7956),(7506,3618),(14544,7020),(6336,2358),(10161.5,7177.73),(5166,3330),(7451.54,7957.34)
时间225,(8712.59,4093.42),(6624,1332),(5634,4860),(7083.34,7956),(7722,3636),(14418,6840),(6282,2142),(10296,7182),(4932,3348),(7398,7956)
时间226,(9045.88,4088.13),(6876,1350),(5845.9,4602.69),(7398,7956),(7506,3618),(14544,7020),(6336,2358),(9962.83,7171.42),(5166,3330),(7731.23,7964.33)
时间227,(9180,4086),(6624,1332),(5886,4554),(7064.66,7956),(7722,3636),(14418,6840),(6282,2142),(9629.66,7160.85),(4932,3348),(8064.46,7972.66)
时间228,(8846.71,4091.29),(6876,1350),(5674.1,4811.31),(6750,7956),(7506,3618),(14544,7020),(6336,2358),(9296.5,7150.27),(5166,3330),(8118,7974)
时间229,(8513.41,4096.58),(6624,1332),(5634,4860),(7083.34,7956),(7722,3636),(14418,6840),(6282,2142),(9162,7146),(4932,3348),(7784.77,7965.67)
时间230,(8180.12,4101.87),(6876,1350),(5562,4608),(7398,7956),(7506,3618),(14544,7020),(6336,2358),(9495.17,7156.58),(5166,3330),(7451.54,7957.34)
时间231,(8046,4104),(6624,1332),(5634,4860),(7064.66,7956),(7722,3636),(14418,6840),(6282,2142),(9828.34,7167.15),(4932,3348),(7398,7956)
时间232,(8379.29,4098.71),(6876,1350),(5562,4608),(6750,7956),(7506,3618),(14544,7020),(6336,2358),(10161.5,7177.73),(5166,3330),(7731.23,7964.33)
时间233,(8712.59,4093.42),(6624,1332),(5634,4860),(7083.34,7956),(7722,3636),(14418,6840),(6282,2142),(10296,7182),(4932,3348),(8064.46,7972.66)
时间234,(9045.88,4088.13),(6876,1350),(5845.9,4602.69),(7398,7956),(7506,3618),(14544,7020),(6336,2358),(9962.83,7171.42),(5166,3330),(8118,7974)
时间235,(9180,4086),(6624,1332),(5886,4554),(7064.66,7956),(7722,3636),(14418,6840),(6282,2142),(9629.66,7160.85),(4932,3348),(7784.77,7965.67)
时间236,(8846.71,4091.29),(6876,1350),(5674.1,4811.31),(6750,7956),(7506,3618),(14544,7020),(6336,2358),(9296.5,7150.27),(5166,3330),(7451.54,7957.34)
时间237,(8513.41,4096.58),(6624,1332),(5634,4860),(7083.34,7956),(7722,3636),(14418,6840),(6282,2142),(9162,7146),(4932,3348),(7398,7956)
时间238,(8180.12,4101.87),(6876,1350),(5562,4608),(7398,7956),(7506,3618),(14544,7020),(6336,2358),(9495.17,7156.58),(5166,3330),(7731.23,7964.33)
时间239,(8046,4104),(6624,1332),(5634,4860),(7064.66,7956),(7722,3636),(14418,6840),(6282,2142),(9828.34,7167.15),(4932,3348),(8064.46,7972.66)
时间240,(8379.29,4098.71),(6876,1350),(5562,4608),(6750,7956),(7506,3618),(14544,7020),(6336,2358),(10161.5,7177.73),(5166,3330),(8118,7974)
End
