26,0.802699,1.44898,0.598953,1,0.963333,1,0.48
时间1,(9162,5256),(6390,1404),(5598,4356),(13050,5346),(9972,5256),(10296,7182),(10188,2628),(11304,2160),(13266,5292),(9180,2664),(8298,1908),(6336,2358),(6984,4050),(6408,4860),(8064,7146),(4158,6084),(4158,6084),(1692,5832),(1728,5652),(2178,864),(3132,2916),(1638,1656),(5184,1908),(5796,936),(4068,1386),(3852,3330)
时间2,(9162,4922.66),(6624,1332),(5472,4356),(13266,5292),(9986.8,4922.99),(10275.2,6849.31),(10495.4,2499.09),(11637.2,2150.74),(13243,4959.46),(9198,2340),(8277.83,1575.27),(6282,2142),(7020,3852),(6390,4662),(7730.78,7137.23),(3888,6066),(4104,5868),(1728,5652),(2059.35,5615.69),(2510.51,840.489),(2798.7,2911.43),(1743.41,1339.77),(5508,1908),(5832,738),(4398.24,1340.67),(3804.86,3000.01)
时间3,(9162,4662),(6704.85,1008.62),(5292,4284),(13465,5559.41),(10001.6,4589.99),(10254.4,6516.63),(10802.8,2370.18),(11952,2142),(13220,4626.92),(8864.73,2346.41),(8262,1314),(6156,2142),(7352.18,3879.68),(6408,4860),(7397.56,7128.46),(4158,6084),(3888,6066),(1692,5832),(2390.7,5579.37),(2843.01,816.979),(2465.39,2906.87),(1848.82,1023.54),(5184,1908),(5796,936),(4728.48,1295.35),(3798,2952)
时间4,(9198,4392),(6768,756),(5472,4356),(13664,5826.83),(10008,4446),(10242,6318),(11110.2,2241.27),(11618.8,2151.26),(13197,4294.38),(8531.45,2352.82),(8282.17,1646.73),(6030,1890),(7452,3888),(6741.28,4853.94),(7380,7128),(3888,6066),(3726,6012),(1728,5652),(2722.06,5543.06),(3175.52,793.468),(2132.09,2902.3),(1854,1008),(5508,1908),(6002.55,1197.63),(4986,1260),(4104,2916)
时间5,(9180,4086),(7100.82,737.51),(5292,4284),(13863,6094.24),(9993.2,4779.01),(10242,5984.66),(11304,2160),(11304,2160),(13174,3961.84),(8262,2358),(8298,1908),(5782.82,1666.36),(7785.34,3888),(7074.56,4847.88),(7713.22,7136.77),(3726,6012),(3888,6066),(2059.35,5615.69),(3042,5508),(3508.02,769.958),(1818,2898),(1748.59,1324.23),(5184,1908),(6066,1278),(4655.76,1305.33),(4437.02,2930.48)
时间6,(8846.71,4091.29),(7416,720),(5472,4356),(14062,6361.65),(9978.4,5112.01),(10242,5922),(11376,2448),(10996.6,2288.91),(13151,3629.29),(7928.86,2346.51),(7964.83,1897.59),(5652,1548),(8118.67,3888),(7398,4842),(8046.44,7145.54),(3661.66,6339.07),(4158,6084),(2390.7,5579.37),(3042,5220),(3840.53,746.447),(1764.29,2569.02),(1643.18,1640.46),(5058,1800),(6399.34,1278),(4325.52,1350.65),(4518,2934)
时间7,(8513.41,4096.58),(7429.32,386.93),(5346,4572),(14261,6629.07),(9972,5256),(9911.72,5967.04),(11709.2,2458.1),(10689.2,2417.82),(13128,3296.75),(7740,2340),(7722,1890),(5616,1278),(8316,3888),(7426.88,5174.08),(8064,7146),(3597.32,6666.13),(4104,5868),(2722.06,5543.06),(2709.18,5201.51),(3960,738),(1710.58,2240.04),(1638,1656),(5184,1908),(6408,1278),(4068,1386),(4626,2934)
时间8,(8180.12,4101.87),(7434,270),(5012.66,4572),(14418,6840),(10305.1,5243.66),(9846,5976),(11970,2466),(10381.8,2546.73),(13105,2964.21),(8073.14,2351.49),(8055.17,1900.41),(5949.34,1278),(8262,3654),(7434,5256),(8397.34,7146),(3532.98,6993.2),(3888,6066),(3042,5508),(2394,5184),(3627.49,761.511),(1674,2016),(1743.41,1339.77),(5058,1800),(6531.8,968.505),(4013.2,1057.2),(4608,2736)
时间9,(8046,4104),(7420.68,603.07),(4986,4572),(14219,6572.59),(10458,5238),(10176.3,5930.96),(11636.8,2455.9),(10188,2628),(13082,2631.67),(8262,2358),(8298,1908),(6066,1278),(7942,3560.67),(7405.12,4923.92),(8730.67,7146),(3510,7110),(4104,5868),(3042,5220),(2726.82,5202.49),(3294.99,785.021),(1341.54,2040.09),(1848.82,1023.54),(5013.95,1469.59),(6624,738),(3960,738),(4590,2502)
时间10,(8379.29,4098.71),(7416,720),(5319.34,4572),(14020,6305.17),(10124.9,5250.34),(10242,5922),(11376,2448),(10495.4,2499.09),(13068,2430),(8595.27,2351.59),(7964.83,1897.59),(5732.66,1278),(7830,3528),(7398,4842),(9064.01,7146),(3517.57,7443.25),(4158,6084),(3375.05,5233.88),(3042,5220),(2962.48,808.532),(1009.07,2064.18),(1854,1008),(4986,1260),(6500.2,1047.49),(3828.69,431.616),(4608,2736)
时间11,(8712.59,4093.42),(7416,1053.34),(5346,4572),(13821,6037.76),(9972,5256),(10242,6255.34),(11304,2160),(10802.8,2370.18),(13091,2762.54),(8928.55,2345.18),(7722,1890),(5616,1278),(8150,3621.33),(7398,4662),(9162,7146),(3525.15,7776.5),(4477.28,6179.78),(3474,5238),(3375.05,5233.88),(2629.98,832.042),(676.607,2088.27),(2158.61,872.619),(4655.76,1305.33),(6408,1278),(3798,360),(4941.34,2736)
时间12,(9045.88,4088.13),(7416,1116),(5012.66,4572),(13622,5770.35),(9846,5292),(10242,6318),(11231.7,1834.6),(11110.2,2241.27),(13114,3095.08),(9198,2340),(8055.17,1900.41),(5652,1548),(8262,3654),(7064.66,4662),(8828.66,7146),(3528,7902),(4518,6192),(3806.69,5217.21),(3474,5238),(2297.47,855.553),(432,2106),(2178,864),(4325.52,1350.65),(6531.8,968.505),(3929.31,666.384),(5022,2736)
时间13,(9180,4086),(7416,782.664),(4986,4572),(13423,5502.93),(9846,5625.34),(10262.8,6650.69),(11159.4,1509.2),(11304,2160),(13137,3427.62),(9198,2006.66),(8298,1908),(5899.18,1771.64),(8316,3888),(6731.33,4662),(8495.33,7146),(3860.99,7917.14),(4563.33,6522.24),(4050,5202),(3806.69,5217.21),(2178,864),(764.464,2081.91),(1873.39,999.381),(4068,1386),(6624,738),(3960,738),(5058,2916)
时间14,(9198,4392),(7416,720),(5004,4302),(13266,5292),(9846,5958.67),(10283.6,6983.37),(11087.1,1183.81),(11637.2,2150.74),(13160,3760.16),(9198,1673.33),(8277.83,1575.27),(6030,1890),(7982.66,3888),(6397.99,4662),(8161.99,7146),(4193.98,7932.27),(4608.65,6852.48),(4104,5004),(4050,5202),(2510.51,840.489),(1096.93,2057.82),(1854,1008),(4013.2,1057.2),(6546.21,413.868),(4293.34,738),(5364,2952)
时间15,(9530.6,4414.17),(7416,1053.34),(4673.46,4345.11),(13050,5346),(9846,5976),(10296,7182),(11014.8,858.407),(11952,2142),(13183,4092.71),(9198,1494),(8262,1314),(6156,2142),(7649.33,3888),(6390,4662),(8064,7146),(4526.98,7947.41),(4644,7110),(4120.65,4671.08),(4104,5004),(2843.01,816.979),(1429.39,2033.73),(2158.61,872.619),(3960,738),(6516,288),(4626.67,738),(5058,2916)
时间16,(9863.2,4436.35),(7416,1116),(4590,4356),(13234.1,5623.87),(9846,5642.66),(9962.83,7171.42),(10942.4,533.009),(12284.9,2125.63),(13206,4425.25),(9084.45,1180.6),(8262,980.664),(6012,2214),(7452,3888),(6408,4860),(7730.78,7137.23),(4716,7956),(4977.34,7110),(4137.29,4338.16),(4120.65,4671.08),(3175.52,793.468),(1674,2016),(2178,864),(3828.69,431.616),(6593.79,612.132),(4960.01,738),(5022,2736)
时间17,(10008,4446),(7084.43,1081.7),(4920.54,4312.89),(13418.3,5901.73),(9846,5309.33),(9629.66,7160.85),(10872,216),(12617.9,2109.25),(13229,4757.79),(8970.9,867.201),(8262,647.328),(6156,2142),(7506,3618),(6074.66,4860),(7397.56,7128.46),(4383.01,7940.86),(5022,7110),(4140,4284),(4137.29,4338.16),(3508.02,769.958),(1640.83,1684.32),(2510.51,840.489),(3798,360),(6624,738),(5293.34,738),(4688.66,2736)
时间18,(9675.4,4423.83),(6894,1062),(5004,4302),(13602.4,6179.6),(9846,5292),(9296.5,7150.27),(10538.7,221.649),(12950.8,2092.88),(13252,5090.33),(8857.35,553.802),(8262,313.992),(6282,2142),(7477.53,3285.88),(5741.33,4860),(7380,7128),(4050.02,7925.73),(5355.34,7110),(4140,3950.66),(4140,4284),(3840.53,746.447),(1638,1656),(2843.01,816.979),(4131.13,348.208),(6546.21,413.868),(5626.68,738),(4608,2736)
时间19,(9342.8,4401.65),(7225.57,1096.3),(4986,4572),(13786.5,6457.47),(9846,5625.34),(9162,7146),(10205.4,227.298),(13050,2088),(13266,5292),(8748,252),(8262,288),(6164.96,1829.89),(7452,2988),(5634,4860),(7046.8,7137.52),(3717.02,7910.59),(5616,7110),(4140,3744),(4140,3950.66),(3960,738),(1671.17,1987.68),(3175.52,793.468),(4464.25,336.416),(6516,288),(5832,738),(4941.34,2736)
时间20,(9198,4392),(7416,1116),(5319.34,4572),(13970.6,6735.33),(9846,5958.67),(9150.1,7479.12),(9872.14,232.947),(13067.5,2420.88),(13243,4959.46),(8415.57,276.624),(8262,621.336),(6120,1710),(7308,2844),(5967.34,4860),(6750,7146),(3528,7902),(5282.66,7110),(4140,4077.34),(4140,3744),(3627.49,761.511),(1674,2016),(3508.02,769.958),(4797.38,324.624),(6642,270),(5796,936),(5022,2736)
时间21,(9162,4662),(7084.43,1081.7),(5346,4572),(14040,6840),(9846,5976),(9144,7650),(9538.85,238.596),(13068,2430),(13220,4626.92),(8262,288),(8262,954.672),(6453.23,1718.33),(7074,2718),(6300.67,4860),(6743.06,6812.74),(3520.43,7568.75),(5022,7110),(4140,4284),(4140,4077.34),(3294.99,785.021),(1640.83,1684.32),(3840.53,746.447),(5130.51,312.832),(6516,288),(5832,738),(5004,2556)
时间22,(9198,4392),(6894,1062),(5472,4356),(14373.3,6840),(9810,6300),(9155.9,7316.88),(9205.56,244.245),(13050.5,2097.12),(13197,4294.38),(8594.43,263.376),(8262,1288.01),(6786.46,1726.66),(6858,2664),(6408,4860),(6736.11,6479.47),(3512.85,7235.5),(4688.66,7110),(4123.35,4616.92),(4140,4284),(2962.48,808.532),(1638,1656),(3960,738),(5463.64,301.039),(6182.66,288),(5796,936),(5022,2736)
时间23,(9530.6,4414.17),(6876,1350),(5598,4356),(14418,6840),(9476.8,6309.52),(9162,7146),(8872.27,249.894),(13050,2088),(13174,3961.84),(8748,252),(8262,1314),(6840,1728),(6570.43,2495.43),(6374.83,5191.68),(6732,6282),(3510,7110),(4644,7110),(4106.71,4949.84),(4123.35,4616.92),(2629.98,832.042),(1743.41,1339.77),(3627.49,761.511),(5796.76,289.247),(5849.33,288),(6002.55,1197.63),(5058,2916)
时间24,(9863.2,4436.35),(6844.4,1681.83),(5562,4608),(14084.7,6840),(9180,6318),(9150.1,7479.12),(8748,252),(13032.9,1755.1),(13151,3629.29),(8415.57,276.624),(8262,980.664),(6506.77,1719.67),(6336,2358),(6372,5220),(6405.14,6216.63),(3517.57,7443.25),(4672.27,7442.14),(4104,5004),(4106.71,4949.84),(2297.47,855.553),(1848.82,1023.54),(3294.99,785.021),(5832,288),(5832,288),(6066,1278),(4724.95,2929.88)
时间25,(10008,4446),(6840,1728),(5346,4572),(14040,6840),(9172.76,6651.26),(9144,7650),(9081.29,246.351),(13015.9,1422.2),(13128,3296.75),(8262,288),(8262,647.328),(6173.54,1711.34),(6282,2142),(6372,5553.34),(6372,6210),(3525.15,7776.5),(4700.53,7774.27),(4194,5238),(4104,5004),(2178,864),(1854,1008),(2962.48,808.532),(5498.87,299.792),(5832,621.336),(6399.34,1278),(4626,2934)
时间26,(9675.4,4423.83),(6871.6,1396.17),(5562,4608),(14373.3,6840),(9165.51,6984.51),(9155.9,7316.88),(9414.58,240.702),(12998.8,1089.3),(13105,2964.21),(8594.43,263.376),(8262,313.992),(6120,1710),(6336,2358),(6372,5886.67),(6039.01,6225.14),(3528,7902),(4716,7956),(4050,5202),(4194,5238),(2510.51,840.489),(1748.59,1324.23),(2629.98,832.042),(5165.75,311.584),(5832,738),(6408,1278),(4641.14,3266.99)
时间27,(9342.8,4401.65),(6876,1350),(5279.33,4784.67),(14418,6840),(9162,7146),(9162,7146),(9747.86,235.053),(12981.7,756.406),(13082,2631.67),(8748,252),(8262,288),(6453.23,1718.33),(6282,2142),(6372,6210),(5706.02,6240.27),(3194.66,7902),(5049.07,7942.68),(4194,5238),(4050,5202),(2843.01,816.979),(1643.18,1640.46),(2297.47,855.553),(4832.62,323.376),(5832,404.664),(6074.66,1278),(4644,3330)
时间28,(9198,4392),(6624,1332),(5274,4788),(14084.7,6840),(9495.17,7156.58),(9169.24,6812.74),(10081.2,229.404),(12978,684),(13068,2430),(8861.55,565.399),(7928.74,280.755),(6786.46,1726.66),(6156,2142),(6698.86,6275.37),(5580,6246),(2861.33,7902),(5382.14,7929.35),(4525.57,5203.7),(4194,5238),(3175.52,793.468),(1638,1656),(2178,864),(4499.49,335.168),(5832,288),(6066,1278),(4356,3348)
时间29,(9162,4662),(6704.85,1008.62),(5130,4968),(14040,6840),(9828.34,7167.15),(9176.49,6479.49),(10414.4,223.755),(12966.5,350.862),(13091,2762.54),(8975.1,878.799),(7595.49,273.511),(6840,1728),(6257.07,2459.64),(6732,6282),(5591.69,5912.87),(2527.99,7902),(5616,7920),(4716,5184),(4525.57,5203.7),(3508.02,769.958),(1743.41,1339.77),(1873.39,999.381),(4166.36,346.961),(6165.34,288),(6399.34,1278),(4104,3348)
时间30,(9198,4392),(6768,756),(5292,5058),(13855.9,6562.13),(10161.5,7177.73),(9180,6318),(10747.7,218.106),(12960,162),(13114,3095.08),(9088.65,1192.2),(7434,270),(6506.77,1719.67),(6282,2538),(7065.21,6272.74),(5603.38,5579.74),(2502,7902),(5282.93,7933.32),(4384.43,5218.3),(4716,5184),(3840.53,746.447),(1848.82,1023.54),(1854,1008),(3833.24,358.753),(6498.67,288),(6408,1278),(4356,3348)
时间31,(9162,4662),(6687.15,1079.38),(5274,5202),(13671.7,6284.27),(10296,7182),(9174.35,5984.71),(10872,216),(12971.5,495.138),(13137,3427.62),(9198,1494),(7767.26,277.245),(6173.54,1711.34),(6516,2718),(7380,6264),(5615.07,5246.61),(2168.93,7915.32),(4949.86,7946.65),(4194,5238),(4384.43,5218.3),(3960,738),(1854,1008),(1748.59,1324.23),(3798,360),(6516,288),(6074.66,1278),(4104,3348)
时间32,(9162,4995.34),(6624,1332),(4941.12,5184.48),(13487.6,6006.4),(10321.6,7514.35),(9168.7,5651.42),(11205.3,210.049),(12978,684),(13160,3760.16),(9084.45,1180.6),(8100.51,284.489),(6120,1710),(6696,2754),(7397.83,5931.14),(5616,5220),(1835.86,7928.65),(4716,7956),(4104,5004),(4194,5238),(3627.49,761.511),(2158.61,872.619),(1643.18,1640.46),(3929.31,666.384),(6642,270),(6066,1278),(4140,3132)
时间33,(9162,5256),(6876,1350),(4932,5184),(13303.5,5728.53),(10332,7650),(9163.05,5318.14),(11538.6,204.097),(12644.7,689.464),(13183,4092.71),(8970.9,867.201),(8262,288),(6237.04,2022.11),(7022.33,2821.99),(7415.66,5598.28),(5949.34,5220),(1602,7938),(5049.07,7942.68),(4194,5238),(4104,5004),(3294.99,785.021),(2178,864),(1638,1656),(3960,738),(6725.65,592.668),(6399.34,1278),(4472.92,3148.65)
时间34,(9162,4922.66),(7209.17,1360.41),(4716,5184),(13119.4,5450.67),(9998.66,7650),(9162,5256),(11871.8,198.146),(12311.4,694.928),(13206,4425.25),(8857.35,553.802),(8262,621.336),(6282,2142),(7128,2844),(7433.5,5265.42),(6282.67,5220),(1566,7650),(5382.14,7929.35),(4050,5202),(4050,5202),(2962.48,808.532),(1873.39,999.381),(1743.41,1339.77),(3828.69,431.616),(6768,756),(6408,1278),(4500,3150)
时间35,(9162,4662),(7452,1368),(4662,4878),(13050,5346),(9665.33,7650),(9494.88,5273.52),(11880,198),(11978.1,700.391),(13229,4757.79),(8748,252),(8262,954.672),(6164.96,1829.89),(6808.72,2939.78),(7434,5256),(6372,5220),(1793.98,7406.82),(5616,7920),(4104,5004),(4194,5238),(2629.98,832.042),(1854,1008),(1848.82,1023.54),(3798,360),(6684.35,433.332),(6531.8,968.505),(4167.08,3133.35)
时间36,(8828.66,4662),(7784.6,1345.83),(4716,5184),(12716.9,5333.43),(9594,7650),(9827.75,5291.04),(11880,531.336),(11880,702),(13252,5090.33),(8415.57,276.624),(8262,1288.01),(6120,1710),(6768,2952),(7100.86,5244.71),(6405.17,4888.32),(2021.96,7163.64),(5282.93,7933.32),(4050,5202),(4525.57,5203.7),(2297.47,855.553),(1748.59,1324.23),(1854,1008),(4131.13,348.208),(6642,270),(6624,738),(4140,3132)
时间37,(8495.33,4662),(8117.2,1323.65),(4662,4878),(12383.8,5320.86),(9628.9,7981.5),(9846,5292),(11880,702),(11880,368.664),(13266,5292),(8262,288),(8262,1314),(6453.23,1718.33),(6516,2934),(6767.71,5233.41),(6408,4860),(2106,7074),(4949.86,7946.65),(4104,5004),(4716,5184),(2178,864),(1643.18,1640.46),(2158.61,872.619),(4464.25,336.416),(6975.34,270),(6500.2,1047.49),(4104,3348)
时间38,(8161.99,4662),(8262,1314),(4986,4896),(12050.7,5308.29),(9630,7992),(9846,5625.34),(11896.6,1034.92),(11880,198),(13243,4959.46),(7928.74,280.755),(8262,980.664),(6786.46,1726.66),(6768,2952),(6434.57,5222.12),(6374.83,5191.68),(2437.83,7105.6),(4716,7956),(4120.65,4671.08),(4384.43,5218.3),(1873.39,999.381),(1638,1656),(2178,864),(4797.38,324.624),(7308.67,270),(6408,1278),(3852,3330)
时间39,(8082,4662),(7929.4,1336.17),(4968,4680),(11717.6,5295.72),(9963.32,7994.95),(9846,5958.67),(11913.3,1367.84),(11546.7,203.951),(13220,4626.92),(7595.49,273.511),(8262,647.328),(6840,1728),(7087.28,2856.22),(6372,5220),(6372,5220),(2484,7110),(5049.07,7942.68),(4137.29,4338.16),(4194,5238),(1854,1008),(1671.17,1987.68),(1873.39,999.381),(5130.51,312.832),(7434,270),(6531.8,968.505),(3804.86,3000.01)
时间40,(8415.34,4662),(7596.8,1358.35),(5274,4788),(11384.5,5283.15),(10296.6,7997.9),(9846,5976),(11929.9,1700.76),(11213.4,209.903),(13197,4294.38),(7434,270),(8262,313.992),(6840,2061.34),(7128,2844),(6372,5553.34),(6405.17,4888.32),(2491.57,7443.25),(5382.14,7929.35),(4140,4284),(4104,5004),(1748.59,1324.23),(1674,2016),(1854,1008),(5463.64,301.039),(7100.66,270),(6624,738),(3798,2952)
时间41,(8748.67,4662),(7452,1368),(5130,4968),(11142,5274),(10630,8000.85),(9810,6300),(11946.6,2033.68),(10880.2,215.854),(13174,3961.84),(7767.26,277.245),(8262,288),(6840,2322),(6801.67,2776.01),(6372,5886.67),(6408,4860),(2499.15,7776.5),(5616,7920),(3806.68,4281.08),(4050,5202),(1643.18,1640.46),(1727.71,2344.98),(2158.61,872.619),(5796.76,289.247),(6767.33,270),(6546.21,413.868),(3466.5,2986.9)
时间42,(9082.01,4662),(7452,1701.34),(4932,5184),(11214.9,5599.27),(10963.3,8003.8),(9846,5976),(11952,2142),(10872,216),(13151,3629.29),(8100.51,284.489),(8262,621.336),(6840,1988.66),(6696,2754),(6372,6210),(6390,4662),(2502,7902),(5282.93,7933.32),(3473.35,4278.15),(4194,5238),(1638,1656),(1781.42,2673.96),(2178,864),(5832,288),(6642,270),(6516,288),(3456,2988)
时间43,(9162,4662),(7452,1908),(5264.88,5201.52),(11287.8,5924.53),(11296.6,8006.75),(10176.3,5930.96),(11618.8,2151.26),(10944.3,541.398),(13128,3296.75),(8262,288),(8262,954.672),(6840,1728),(6858,2664),(6039.01,6225.14),(6723.34,4662),(2494.43,7568.75),(4949.86,7946.65),(3140.03,4275.23),(4050,5202),(1743.41,1339.77),(1818,2898),(2510.51,840.489),(5832,621.336),(6725.65,592.668),(6182.66,288),(3474,3186)
时间44,(8828.66,4662),(7452,1574.66),(5274,5202),(11360.7,6249.8),(11629.9,8009.7),(10242,5922),(11304,2160),(11016.6,866.797),(13105,2964.21),(7928.74,280.755),(8262,1288.01),(6506.77,1719.67),(6570.43,2495.43),(5706.02,6240.27),(7056.67,4662),(2486.85,7235.5),(4716,7956),(2806.71,4272.3),(3717.31,5222.79),(1848.82,1023.54),(2151.3,2902.57),(2843.01,816.979),(5832,738),(6768,756),(5849.33,288),(3456,2988)
时间45,(8495.33,4662),(7452,1368),(4941.12,5184.48),(11376,6318),(11664,8010),(10242,6255.34),(11376,2448),(11088.9,1192.19),(13082,2631.67),(7595.49,273.511),(8262,1314),(6173.54,1711.34),(6336,2358),(5580,6246),(7390.01,4662),(2484,7110),(4383.01,7940.86),(2473.38,4269.38),(3474,5238),(1854,1008),(2484.61,2907.13),(3175.52,793.468),(5498.66,738),(6684.35,433.332),(5832,288),(3132,2916)
时间46,(8161.99,4662),(7784.6,1345.83),(4932,5184),(11042.7,6318),(11997.3,8014.36),(10242,6318),(11304,2160),(11161.2,1517.59),(13068,2430),(7434,270),(8282.17,1646.73),(6120,1710),(6282,2142),(5593.88,6579.05),(7398,4662),(2817.34,7110),(4050.02,7925.73),(2140.06,4266.46),(3806.69,5217.21),(2158.61,872.619),(2817.91,2911.7),(3508.02,769.958),(5165.33,738),(6642,270),(5498.87,299.792),(3456,2988)
时间47,(8082,4662),(8117.2,1323.65),(5264.88,5201.52),(10709.3,6318),(12330.6,8018.71),(9908.95,6304.12),(11637.2,2150.74),(11233.6,1842.99),(13091,2762.54),(7767.26,277.245),(8298,1908),(6237.04,2022.11),(6156,2142),(5607.75,6912.09),(7731.34,4662),(3150.67,7110),(3717.02,7910.59),(2088,4266),(4050,5202),(2178,864),(3132,2916),(3840.53,746.447),(4831.99,738),(6516,288),(5165.75,311.584),(3132,2916)
时间48,(8415.34,4662),(8262,1314),(5274,5202),(10376,6318),(12663.9,8023.07),(9810,6300),(11952,2142),(11304,2160),(13114,3095.08),(8100.51,284.489),(8277.83,1575.27),(6282,2142),(6257.07,2459.64),(5616,7110),(8064.67,4662),(3484.01,7110),(3528,7902),(1754.66,4266),(3717.31,5222.79),(2510.51,840.489),(2798.7,2911.43),(3960,738),(4498.66,738),(6182.66,288),(4832.62,323.376),(3168,3186)
时间49,(8748.67,4662),(7929.4,1336.17),(4941.12,5184.48),(10242,6318),(12997.2,8027.43),(10143,6313.88),(11935.4,1809.08),(10996.6,2288.91),(13137,3427.62),(8262,288),(8262,1314),(6164.96,1829.89),(6282,2538),(5949.26,7116.94),(8082,4662),(3510,7110),(3520.43,7568.75),(1421.33,4266),(3474,5238),(2843.01,816.979),(2465.39,2906.87),(3627.49,761.511),(4165.32,738),(5849.33,288),(4499.49,335.168),(3186,3366)
时间50,(9082.01,4662),(7596.8,1358.35),(4932,5184),(9908.95,6304.12),(13330.5,8031.78),(10242,6318),(11918.7,1476.16),(10689.2,2417.82),(13160,3760.16),(8594.43,263.376),(8262,980.664),(6120,1710),(6516,2718),(6282.53,7123.89),(7748.66,4662),(3843.34,7110),(3512.85,7235.5),(1278,4266),(3577.2,5554.96),(3175.52,793.468),(2132.09,2902.3),(3294.99,785.021),(3960,738),(5832,288),(4166.36,346.961),(3126.37,3693.96)
时间51,(9162,4662),(7452,1368),(4914,5346),(9810,6300),(13663.8,8036.14),(10262.8,6650.69),(11902.1,1143.24),(10381.8,2546.73),(13183,4092.71),(8748,252),(8262,647.328),(6237.04,2022.11),(6696,2754),(6480,7128),(7415.33,4662),(4176.67,7110),(3510,7110),(950.551,4328.37),(3680.39,5871.92),(3508.02,769.958),(1818,2898),(2962.48,808.532),(4293.34,738),(6165.34,288),(3833.24,358.753),(3114,3762)
时间52,(8828.66,4662),(7118.83,1357.59),(4603.58,5467.47),(9476.8,6309.52),(13997.2,8040.5),(10283.6,6983.37),(11885.4,810.32),(10188,2628),(13206,4425.25),(8861.55,565.399),(8262,313.992),(6282,2142),(7022.33,2821.99),(6750,7146),(7398,4662),(4510.01,7110),(3176.66,7110),(900,4338),(3726,6012),(3840.53,746.447),(1881.84,3225.17),(2629.98,832.042),(4626.67,738),(6498.67,288),(3798,360),(3447.28,3756.15)
时间53,(8495.33,4662),(6876,1350),(4500,5508),(9180,6318),(14330.5,8044.86),(10296,7182),(11880,702),(10495.4,2499.09),(13229,4757.79),(8975.1,878.799),(8262,288),(6156,2142),(7128,2844),(6750,7479.34),(7064.66,4662),(4644,7110),(2843.33,7110),(848.541,4008.66),(3622.8,5695.04),(3960,738),(1945.67,3552.33),(2297.47,855.553),(4960.01,738),(6516,288),(4131.13,348.208),(3780.57,3750.31)
时间54,(8161.99,4662),(6894,1062),(4810.42,5386.53),(9174.35,5984.71),(14418,8046),(10629.3,7177.31),(11896.6,1034.92),(10802.8,2370.18),(13252,5090.33),(9088.65,1192.2),(8594.43,263.376),(6012,2214),(7432.61,2979.38),(6750,7812.67),(6731.33,4662),(4310.66,7110),(2509.99,7110),(810,3762),(3519.61,5378.08),(3627.49,761.511),(1962,3636),(2178,864),(5293.34,738),(6593.79,612.132),(4464.25,336.416),(4113.85,3744.46)
时间55,(8082,4662),(6876,1350),(4914,5346),(9168.7,5651.42),(14458.6,7715.15),(10962.6,7172.61),(11913.3,1367.84),(11110.2,2241.27),(13266,5292),(9198,1494),(8748,252),(5689.33,2297.65),(7452,2988),(6750,7956),(6397.99,4662),(3977.33,7110),(2484,7110),(861.459,4091.34),(3474,5238),(3294.99,785.021),(1632.35,3685.45),(2510.51,840.489),(5626.68,738),(6624,738),(4797.38,324.624),(4140,3744)
时间56,(8415.34,4662),(6624,1332),(4603.58,5467.47),(9163.05,5318.14),(14499.3,7384.3),(11295.9,7167.92),(11929.9,1700.76),(11304,2160),(13243,4959.46),(9198,1827.34),(8861.55,565.399),(5526,2340),(7308,2844),(6750,7622.66),(6390,4662),(3643.99,7110),(2152.17,7078.4),(900,4338),(3577.2,5554.96),(2962.48,808.532),(1302.7,3734.89),(2843.01,816.979),(5832,738),(6500.2,1047.49),(5130.51,312.832),(4473.12,3755.9)
时间57,(8748.67,4662),(6390,1404),(4500,5508),(9162,5256),(14539.9,7053.45),(11574,7164),(11946.6,2033.68),(11376,2448),(13220,4626.92),(9198,2160.67),(8975.1,878.799),(5848.67,2256.35),(7452,2988),(6750,7289.33),(6408,4860),(3510,7110),(2106,7074),(848.541,4008.66),(3680.39,5871.92),(2629.98,832.042),(1242,3744),(3175.52,793.468),(5498.66,738),(6408,1278),(5463.64,301.039),(4644,3762)
时间58,(9082.01,4662),(6624,1332),(4810.42,5386.53),(9167.65,5589.29),(14544,7020),(11905.5,7129.46),(11952,2142),(11709.2,2458.1),(13197,4294.38),(9198,2340),(9088.65,1192.2),(6012,2214),(7308,3186),(6750,7146),(6074.66,4860),(3574.34,6782.93),(1878.02,7317.18),(810,3762),(3726,6012),(2297.47,855.553),(1571.65,3694.55),(3508.02,769.958),(5165.33,738),(6074.66,1278),(5796.76,289.247),(4977.14,3773.49)
时间59,(9162,4662),(6704.85,1008.62),(4914,5346),(9173.3,5922.58),(14503.4,7350.85),(12237.1,7094.93),(11618.8,2151.26),(11970,2466),(13174,3961.84),(9180,2664),(9198,1494),(5689.33,2297.65),(7158.93,3484.14),(6480,7128),(5741.33,4860),(3638.68,6455.87),(1650.04,7560.36),(861.459,4091.34),(3622.8,5695.04),(2178,864),(1901.3,3645.11),(3840.53,746.447),(4831.99,738),(6066,1278),(5832,288),(5166,3780)
时间60,(9162,4995.34),(6768,756),(4932,5184),(9178.95,6255.86),(14462.7,7681.7),(12568.6,7060.39),(11304,2160),(12303.2,2455.08),(13151,3629.29),(9198,2340),(9198,1827.34),(5526,2340),(7110,3582),(6750,7146),(5634,4860),(3703.02,6128.8),(1566,7650),(900,4338),(3519.61,5378.08),(1873.39,999.381),(1962,3636),(3960,738),(4498.66,738),(5859.45,1016.37),(5498.87,299.792),(4832.86,3768.51)
时间61,(9162,5256),(6894,1062),(5130,4968),(9180,6318),(14422.1,8012.55),(12900.2,7025.86),(10996.6,2288.91),(12636.3,2444.15),(13128,3296.75),(9180,2664),(9198,2160.67),(5536.41,2673.17),(7020,3852),(6750,7479.34),(5967.34,4860),(3726,6012),(1793.98,7406.82),(1227.45,4275.63),(3474,5238),(1854,1008),(1898.16,3308.83),(3627.49,761.511),(4165.32,738),(5796,936),(5165.75,311.584),(4644,3762)
时间62,(9162,4922.66),(7225.57,1096.3),(5292,5058),(9513.2,6308.48),(14418,8046),(13231.7,6991.32),(10689.2,2417.82),(12969.5,2433.23),(13105,2964.21),(8847.43,2686.55),(9198,2340),(5544,2916),(6686.66,3852),(6750,7812.67),(6300.67,4860),(3979.09,5795.07),(2021.96,7163.64),(1278,4266),(3140.95,5224.12),(2158.61,872.619),(1834.33,2981.67),(3294.99,785.021),(3960,738),(5832,738),(4832.62,323.376),(4977.14,3773.49)
时间63,(9162,4662),(7416,1116),(5508,4878),(9810,6300),(14458.6,7715.15),(13302,6984),(10381.8,2546.73),(13068,2430),(13082,2631.67),(8514.85,2709.09),(9198,2006.66),(5364,2952),(6642,3852),(6750,7956),(6408,4860),(4104,5688),(2106,7074),(950.551,4328.37),(3042,5220),(2178,864),(1818,2898),(2962.48,808.532),(3828.69,431.616),(5498.66,738),(4499.49,335.168),(5166,3780)
时间64,(9162,4995.34),(7452,1368),(5634,4860),(10143,6313.88),(14499.3,7384.3),(13629.2,6920.16),(10188,2628),(13050.5,2097.12),(13068,2430),(8182.28,2731.64),(9198,1673.33),(5544,2916),(6678,4050),(6416.83,7945.42),(6074.66,4860),(4067.19,5356.7),(2437.83,7105.6),(900,4338),(3375.05,5233.88),(1873.39,999.381),(1486.52,2933.16),(2629.98,832.042),(3798,360),(5165.33,738),(4166.36,346.961),(5166,3446.66)
时间65,(9162,5256),(7118.83,1357.59),(5562,4608),(10242,6318),(14539.9,7053.45),(13956.3,6856.33),(10495.4,2499.09),(13050,2088),(13091,2762.54),(8118,2736),(9198,1494),(5876.18,2943.68),(6984,4050),(6083.66,7934.85),(5741.33,4860),(4050,5202),(2484,7110),(970.81,4663.73),(3474,5238),(1854,1008),(1155.05,2968.31),(2297.47,855.553),(3929.31,666.384),(4831.99,738),(3833.24,358.753),(5166,3330)
时间66,(9162,4922.66),(6876,1350),(5775.4,4351.92),(9908.95,6304.12),(14544,7020),(14040,6840),(10802.8,2370.18),(13032.9,1755.1),(13114,3095.08),(8118,2952),(9198,1827.34),(5976,2952),(7020,3852),(5750.5,7924.27),(5634,4860),(4086.81,5533.3),(2491.57,7443.25),(990,4752),(3140.95,5224.12),(1748.59,1324.23),(823.569,3003.47),(2178,864),(3960,738),(4498.66,738),(3798,360),(5166,3663.34)
时间67,(9162,4662),(7209.17,1360.41),(5832,4284),(9810,6300),(14418,6840),(14373.3,6840),(11110.2,2241.27),(13015.9,1422.2),(13137,3427.62),(7812,2898),(9198,2160.67),(6309.15,2940.89),(7110,3582),(5616,7920),(5967.34,4860),(4104,5688),(2499.15,7776.5),(1322.69,4772.79),(3042,5220),(1643.18,1640.46),(630,3024),(1873.39,999.381),(4293.34,738),(4165.32,738),(3929.31,666.384),(5166,3780)
时间68,(9162,4995.34),(7452,1368),(5922,4050),(10143,6313.88),(14219,6572.59),(14418,6840),(11304,2160),(12998.8,1089.3),(13160,3760.16),(7488.62,2978.85),(9198,2340),(6516,2934),(6840,3726),(5606.99,7586.79),(6300.67,4860),(4104,5868),(2502,7902),(1566,4788),(2709.18,5201.51),(1638,1656),(559.72,2698.16),(1854,1008),(4626.67,738),(3960,738),(3960,738),(4832.86,3768.51)
时间69,(9162,5256),(7416,1116),(5832,4284),(10242,6318),(14020,6305.17),(14544,7020),(11376,2448),(12981.7,756.406),(13183,4092.71),(7452,2988),(9180,2664),(6182.85,2945.11),(7110,3582),(5598,7254),(6408,4860),(4399.74,5714.21),(2168.93,7915.32),(1891.15,4714.58),(2394,5184),(1743.41,1339.77),(489.44,2372.31),(1748.59,1324.23),(4960.01,738),(4014.8,1066.8),(3828.69,431.616),(4644,3762)
时间70,(9162,4922.66),(7452,1368),(5922,4050),(10242,5984.66),(13821,6037.76),(14418,6840),(11709.2,2458.1),(12978,684),(13206,4425.25),(7775.38,2907.15),(9198,2340),(5976,2952),(7020,3852),(5616,7110),(6741.28,4853.94),(4554,5634),(1835.86,7928.65),(2124,4662),(2196,5166),(1848.82,1023.54),(432,2106),(1643.18,1640.46),(5293.34,738),(4068,1386),(3798,360),(4310.88,3750.1)
时间71,(9162,4662),(7118.83,1357.59),(5616,4050),(10242,5922),(13622,5770.35),(14544,7020),(11970,2466),(12644.7,689.464),(13229,4757.79),(7812,2898),(8864.73,2346.41),(6309.15,2940.89),(7352.18,3879.68),(5602.12,6776.95),(7074.56,4847.88),(4867.92,5521.89),(1602,7938),(2160,4950),(2394,5184),(1854,1008),(374.539,1777.65),(1638,1656),(5626.68,738),(4076.77,1719.22),(4131.13,348.208),(4140,3744)
时间72,(9198,4392),(6876,1350),(5580,3780),(10242,6255.34),(13423,5502.93),(14418,6840),(11636.8,2455.9),(12311.4,694.928),(13252,5090.33),(8118,2952),(8531.45,2352.82),(6516,2934),(7452,3888),(5588.25,6443.91),(7398,4842),(5058,5454),(1566,7650),(2196,5166),(2196,5166),(1748.59,1324.23),(317.079,1449.31),(1671.17,1987.68),(5832,738),(4085.54,2052.44),(4464.25,336.416),(3806.72,3749.85)
时间73,(9162,4662),(7209.17,1360.41),(5616,4050),(10242,6318),(13266,5292),(14544,7020),(11376,2448),(11978.1,700.391),(13266,5292),(8118,2736),(8262,2358),(6768,2952),(7785.34,3888),(5580,6246),(7398,4662),(4744.08,5566.11),(1502.66,7322.74),(2160,4950),(1862.79,5175.26),(1643.18,1640.46),(306,1386),(1674,2016),(5832,404.664),(4086,2070),(4797.38,324.624),(3473.43,3755.69)
时间74,(9162,4995.34),(7452,1368),(5508,4068),(10262.8,6650.69),(13465,5559.41),(14503.4,7350.85),(11709.2,2458.1),(11880,702),(13243,4959.46),(8082,2628),(7928.86,2346.51),(7087.28,2856.22),(8118.67,3888),(5593.88,6579.05),(7731.34,4662),(4554,5634),(1458,7092),(2394,5184),(1548,5184),(1638,1656),(275.267,1054.08),(1640.83,1684.32),(5832,288),(4077.23,1736.78),(5130.51,312.832),(3140.15,3761.54)
时间75,(9162,5256),(7416,1116),(5292,4284),(10283.6,6983.37),(13664,5826.83),(14462.7,7681.7),(11970,2466),(11880,368.664),(13220,4626.92),(8118,2736),(7740,2340),(7128,2844),(8316,3888),(5607.75,6912.09),(8064.67,4662),(4258.26,5787.79),(1521.34,7419.26),(2160,4950),(1881.21,5174.74),(1671.17,1987.68),(244.534,722.168),(1638,1656),(5832,621.336),(4068.46,1403.56),(5463.64,301.039),(3114,3762)
时间76,(9162,4922.66),(7084.43,1081.7),(5004,4302),(10296,7182),(13863,6094.24),(14422.1,8012.55),(12303.2,2455.08),(11880,198),(13197,4294.38),(8450.57,2713.45),(8073.14,2351.49),(7114.12,3177.05),(8262,3654),(5616,7110),(8082,4662),(4104,5868),(1566,7650),(2124,4662),(2196,5166),(1674,2016),(216,414),(1671.17,1987.68),(5832,738),(4068,1386),(5796.76,289.247),(3173.63,3434.04)
时间77,(9162,4662),(6894,1062),(5292,4284),(10629.3,7177.31),(14062,6361.65),(14418,8046),(12636.3,2444.15),(11546.7,203.951),(13174,3961.84),(8783.15,2690.91),(8262,2358),(7110,3276),(8316,3888),(5949.26,7116.94),(8103.46,4994.64),(4104,5688),(1602,7938),(1798.85,4735.42),(1862.79,5175.26),(1727.71,2344.98),(549.298,408.975),(1674,2016),(5832,404.664),(4076.77,1719.22),(5832,288),(3186,3366)
时间78,(9198,4392),(6768,756),(5004,4302),(10962.6,7172.61),(14261,6629.07),(14458.6,7715.15),(12969.5,2433.23),(11213.4,209.903),(13151,3629.29),(9115.72,2668.36),(7928.86,2346.51),(7123.88,2942.95),(8262,3654),(6282.53,7123.89),(8118,5220),(3850.91,5904.93),(1935.07,7924.68),(1566,4788),(1548,5184),(1781.42,2673.96),(882.596,403.951),(1341.54,2040.09),(5832,288),(4085.54,2052.44),(5498.87,299.792),(3168,3186)
时间79,(9530.6,4414.17),(7100.82,737.51),(4986,4572),(11295.9,7167.92),(14418,6840),(14499.3,7384.3),(13068,2430),(10880.2,215.854),(13128,3296.75),(9180,2664),(7740,2340),(7128,2844),(7942,3560.67),(6480,7128),(7785.12,5237.52),(3726,6012),(2268.14,7911.35),(1550.86,5120.99),(1214.91,5196.81),(1818,2898),(1215.89,398.926),(1009.07,2064.18),(6165.34,288),(4086,2070),(5165.75,311.584),(3474,3186)
时间80,(9863.2,4436.35),(7416,720),(5004,4302),(11574,7164),(14084.7,6840),(14539.9,7053.45),(12734.8,2440.92),(10872,216),(13105,2964.21),(8847.43,2686.55),(8073.14,2351.49),(6808.72,2939.78),(7830,3528),(6534,7290),(7452.25,5255.04),(3661.66,6339.07),(2502,7902),(1548,5184),(1080,5202),(1486.52,2933.16),(1549.19,393.902),(676.607,2088.27),(6498.67,288),(4077.23,1736.78),(4832.62,323.376),(3456,2988)
时间81,(10008,4446),(7083.18,738.49),(4673.46,4345.11),(11905.5,7129.46),(14040,6840),(14544,7020),(12401.7,2451.85),(10944.3,541.398),(13082,2631.67),(8514.85,2709.09),(8262,2358),(6768,2952),(8150,3621.33),(6480,7128),(7434,5256),(3597.32,6666.13),(2494.43,7568.75),(1563.14,4851.01),(1156.35,5526.47),(1155.05,2968.31),(1882.49,388.877),(432,2106),(6516,288),(4068.46,1403.56),(4499.49,335.168),(3132,2916)
时间82,(9675.4,4423.83),(6768,756),(4590,4356),(12237.1,7094.93),(13855.9,6562.13),(14503.4,7350.85),(12068.5,2462.77),(11016.6,866.797),(13068,2430),(8182.28,2731.64),(8595.27,2351.59),(6516,2934),(8262,3654),(6534,7290),(7416.17,5588.86),(3532.98,6993.2),(2486.85,7235.5),(1566,4788),(1224,5814),(823.569,3003.47),(2215.79,383.852),(374.539,1777.65),(6642,270),(4068,1386),(4166.36,346.961),(3132,2772)
时间83,(9342.8,4401.65),(6894,1062),(4920.54,4312.89),(12568.6,7060.39),(13671.7,6284.27),(14462.7,7681.7),(11970,2466),(11088.9,1192.19),(13091,2762.54),(8118,2736),(8928.55,2345.18),(6768,2952),(8316,3888),(6200.91,7277.19),(7398.34,5921.72),(3510,7110),(2484,7110),(1233.31,4767.21),(1147.65,5489.53),(630,3024),(2549.09,378.828),(317.079,1449.31),(6975.34,270),(4013.2,1057.2),(3833.24,358.753),(3456,2808)
时间84,(9198,4392),(6768,756),(5004,4302),(12900.2,7025.86),(13487.6,6006.4),(14422.1,8012.55),(12303.2,2455.08),(11161.2,1517.59),(13114,3095.08),(8118,2952),(9198,2340),(6696,2754),(7982.66,3888),(5867.82,7264.38),(7380.5,6254.58),(3843.34,7110),(2817.34,7110),(990,4752),(1080,5202),(708.986,3347.84),(2882.39,373.803),(306,1386),(7308.67,270),(3960,738),(3798,360),(3456,2502)
时间85,(9180,4086),(7100.82,737.51),(4986,4572),(13231.7,6991.32),(13303.5,5728.53),(14418,8046),(12636.3,2444.15),(11233.6,1842.99),(13137,3427.62),(8352,2970),(9180,2664),(6858,2664),(7649.33,3888),(5598,7254),(7380,6264),(4176.67,7110),(3150.67,7110),(1055.37,5078.86),(1413.09,5189.19),(787.972,3671.69),(3215.68,368.779),(275.267,1054.08),(7434,270),(4014.8,1066.8),(3929.31,666.384),(3122.66,2502)
时间86,(9512.35,4060.43),(7416,720),(5319.34,4572),(13302,6984),(13119.4,5450.67),(14084.7,8041.64),(12969.5,2433.23),(11304,2160),(13160,3760.16),(8118,2952),(8847.43,2686.55),(6840.48,2331.12),(7452,3888),(5931.09,7266.81),(7713.24,6272.13),(4510.01,7110),(3484.01,7110),(1080,5202),(1548,5184),(810,3762),(3548.98,363.754),(244.534,722.168),(7100.66,270),(4068,1386),(3960,738),(3114,2502)
时间87,(9844.71,4034.87),(7083.18,738.49),(5346,4572),(13629.2,6920.16),(13050,5346),(13751.4,8037.29),(13068,2430),(10996.6,2288.91),(13183,4092.71),(7812,2898),(8514.85,2709.09),(6840,2322),(7506,3618),(6264.18,7279.62),(8046.47,6280.26),(4644,7110),(3510,7110),(1413.09,5189.19),(1563.14,4851.01),(1143.05,3748.12),(3798,360),(216,414),(6767.33,270),(4013.2,1057.2),(4014.8,1066.8),(3447.34,2502)
时间88,(9882,4032),(6768,756),(5562,4608),(13956.3,6856.33),(13266,5292),(13418.1,8032.93),(12734.8,2440.92),(10689.2,2417.82),(13206,4425.25),(7740,2628),(8182.28,2731.64),(6840,1988.66),(7697.83,3345.4),(6534,7290),(8118,6282),(4977.34,7110),(3574.34,6782.93),(1548,5184),(1566,4788),(1242,3744),(3464.7,365.025),(549.298,408.975),(6642,270),(3960,738),(4068,1386),(3456,2502)
时间89,(9954,4230),(7100.82,737.51),(5598,4356),(14040,6840),(13465,5559.41),(13084.8,8028.57),(12401.7,2451.85),(10381.8,2546.73),(13229,4757.79),(7812,2898),(8118,2736),(6840,1728),(7848,3132),(6200.91,7277.19),(8450.92,6298.65),(5022,7110),(3638.68,6455.87),(1563.14,4851.01),(1233.31,4767.21),(1571.65,3694.55),(3131.4,370.049),(882.596,403.951),(6725.65,592.668),(3828.69,431.616),(4076.77,1719.22),(3474,2250)
时间90,(9882,4032),(7416,720),(5616,4050),(13855.9,6562.13),(13664,5826.83),(12751.5,8024.22),(12068.5,2462.77),(10188,2628),(13252,5090.33),(7740,2628),(8118,2952),(6506.77,1719.67),(8145.02,3283.31),(5867.82,7264.38),(8478,6300),(5355.34,7110),(3703.02,6128.8),(1566,4788),(990,4752),(1901.3,3645.11),(2798.11,375.074),(1215.89,398.926),(6768,756),(3798,360),(4085.54,2052.44),(3294,2250)
时间91,(9549.65,4057.57),(7429.32,386.93),(5598,4356),(13671.7,6284.27),(13863,6094.24),(12418.2,8019.86),(11970,2466),(10495.4,2499.09),(13266,5292),(8073.34,2628),(8352,2970),(6173.54,1711.34),(8442.03,3434.62),(5598,7254),(8811.23,6308.54),(5616,7110),(3726,6012),(1891.15,4714.58),(919.19,4426.27),(1962,3636),(2464.81,380.098),(1549.19,393.902),(6684.35,433.332),(4131.13,348.208),(4086,2070),(3294,2070)
时间92,(9217.29,4083.13),(7434,270),(5472,4356),(13487.6,6006.4),(14062,6361.65),(12084.8,8015.5),(12303.2,2455.08),(10802.8,2370.18),(13243,4959.46),(8082,2628),(8677.4,2897.69),(6120,1710),(8739.05,3585.93),(5607.01,7587.21),(9144.45,6317.09),(5282.66,7110),(3393.88,5983.53),(2124,4662),(900,4338),(1898.16,3308.83),(2131.51,385.123),(1882.49,388.877),(6642,270),(4464.25,336.416),(4077.23,1736.78),(3096,2070)
时间93,(9180,4086),(7420.68,603.07),(5346,4572),(13303.5,5728.53),(14261,6629.07),(11751.5,8011.14),(12636.3,2444.15),(11110.2,2241.27),(13220,4626.92),(7748.66,2628),(9002.8,2825.38),(6237.04,2022.11),(8802,3618),(5616,7920),(9180,6318),(5022,7110),(3096,5958),(2160,4950),(848.541,4008.66),(1834.33,2981.67),(1798.21,390.148),(2215.79,383.852),(6516,288),(4797.38,324.624),(4068.46,1403.56),(3109.88,2403.05)
时间94,(8846.71,4091.29),(7416,720),(5562,4608),(13119.4,5450.67),(14418,6840),(11664,8010),(12969.5,2433.23),(11304,2160),(13197,4294.38),(7740,2628),(9162,2790),(6282,2142),(9135.34,3618),(5949.17,7930.58),(8846.77,6309.46),(5029.09,6776.74),(2860.3,6193.7),(2394,5184),(810,3762),(1818,2898),(1464.91,395.172),(2549.09,378.828),(6593.79,612.132),(5130.51,312.832),(4068,1386),(3114,2502)
时间95,(8513.41,4096.58),(7416,1053.34),(5775.4,4351.92),(13050,5346),(14219,6572.59),(11628.7,7678.53),(13068,2430),(11376,2448),(13174,3961.84),(7812,2898),(9166.63,3123.3),(6336,2358),(9468.67,3618),(6282.34,7941.15),(8513.55,6300.91),(5036.18,6443.48),(2772,6282),(2726.82,5202.49),(861.459,4091.34),(1881.84,3225.17),(1131.61,400.197),(2882.39,373.803),(6624,738),(5463.64,301.039),(4398.24,1340.67),(3100.12,2168.95)
时间96,(8180.12,4101.87),(7416,1116),(5832,4284),(13266,5292),(14020,6305.17),(11593.5,7347.07),(13050.5,2097.12),(11709.2,2458.1),(13151,3629.29),(7488.62,2978.85),(9171.26,3456.61),(6623.57,2526.57),(9802.01,3618),(6615.5,7951.73),(8478,6300),(5040,6264),(2441.7,6326.86),(3042,5220),(900,4338),(1945.67,3552.33),(798.317,405.221),(3215.68,368.779),(6500.2,1047.49),(5796.76,289.247),(4728.48,1295.35),(3096,2070)
时间97,(8046,4104),(7416,782.664),(5922,4050),(13050,5346),(13821,6037.76),(11574,7164),(13050,2088),(11970,2466),(13128,3296.75),(7452,2988),(9175.89,3789.91),(6858,2664),(10135.3,3618),(6750,7956),(8811.23,6308.54),(5032.91,6597.26),(2111.39,6371.71),(3042,5508),(848.541,4008.66),(1962,3636),(465.019,410.246),(3548.98,363.754),(6408,1278),(5832,288),(4986,1260),(3294,2070)
时间98,(8379.29,4098.71),(7416,720),(5616,4050),(13266,5292),(13622,5770.35),(11498,6839.43),(13032.9,1755.1),(11636.8,2455.9),(13105,2964.21),(7775.38,2907.15),(9180,4086),(7074,2718),(10152,3618),(6750,7622.66),(9144.45,6317.09),(5025.82,6930.52),(1781.09,6416.57),(2710.65,5544.31),(810,3762),(1898.16,3308.83),(216,414),(3798,360),(6531.8,968.505),(6165.34,288),(5030.05,1590.41),(3627.34,2070)
时间99,(8712.59,4093.42),(7429.32,386.93),(5580,3780),(13050,5346),(13423,5502.93),(11422.1,6514.87),(13015.9,1422.2),(11376,2448),(13082,2631.67),(7812,2898),(9175.37,3752.7),(7308,2844),(9818.66,3618),(6750,7289.33),(9180,6318),(5022,7110),(1450.78,6461.42),(2379.3,5580.63),(861.459,4091.34),(1834.33,2981.67),(246.733,745.916),(3464.7,365.025),(6624,738),(6498.67,288),(5058,1800),(3960.67,2070)
时间100,(9045.88,4088.13),(7434,270),(5616,4050),(12716.9,5333.43),(13266,5292),(11376,6318),(12998.8,1089.3),(11304,2160),(13068,2430),(7488.62,2978.85),(9170.74,3419.39),(7452,2988),(9485.33,3618),(6750,7146),(8846.77,6309.46),(4688.66,7110),(1314,6480),(2047.94,5616.94),(900,4338),(1818,2898),(277.466,1077.83),(3131.4,370.049),(6546.21,413.868),(6516,288),(5184,1908),(4086,2070)
时间101,(9180,4086),(7420.68,603.07),(5922,4050),(12383.8,5320.86),(13465,5559.41),(11303.1,5992.73),(12981.7,756.406),(11231.7,1834.6),(13091,2762.54),(7452,2988),(9166.11,3086.09),(7442.2,2654.81),(9151.99,3618),(6750,7479.34),(8513.55,6300.91),(4644,7110),(1372.6,6808.15),(1728,5652),(970.81,4663.73),(1486.52,2933.16),(306,1386),(2798.11,375.074),(6516,288),(6642,270),(5508,1908),(4122,2250)
时间102,(9512.35,4060.43),(7416,720),(5832,4284),(12050.7,5308.29),(13664,5826.83),(11230.2,5667.47),(12978,684),(11159.4,1509.2),(13114,3095.08),(7775.38,2907.15),(9162,2790),(7434,2376),(8818.66,3618),(6750,7812.67),(8478,6300),(4977.34,7110),(1404,6984),(2059.35,5615.69),(990,4752),(1155.05,2968.31),(363.461,1714.35),(2464.81,380.098),(6642,270),(6725.65,592.668),(5184,1908),(4455.34,2250)
时间103,(9844.71,4034.87),(7416,1053.34),(5618.6,4540.08),(11717.6,5295.72),(13863,6094.24),(11157.3,5342.2),(12966.5,350.862),(11087.1,1183.81),(13137,3427.62),(7812,2898),(8836.6,2862.31),(7102.03,2345.82),(8802,3618),(6750,7956),(8460.48,6632.88),(5022,7110),(1733.85,6935.9),(2390.7,5579.37),(1055.37,5078.86),(823.569,3003.47),(420.921,2042.69),(2131.51,385.123),(6975.34,270),(6768,756),(5508,1908),(4590,2250)
时间104,(9882,4032),(7416,1116),(5562,4608),(11384.5,5283.15),(14062,6361.65),(11142,5274),(12960,162),(11014.8,858.407),(13160,3760.16),(7740,2628),(8511.2,2934.62),(6840,2322),(8504.98,3466.69),(7083.34,7956),(8460,6642),(5029.09,6776.74),(2063.69,6887.79),(2722.06,5543.06),(1080,5202),(630,3024),(432,2106),(1798.21,390.148),(7308.67,270),(6684.35,433.332),(5184,1908),(4590,2502)
时间105,(9954,4230),(7416,782.664),(5279.33,4784.67),(11142,5274),(14261,6629.07),(11214.9,5599.27),(12626.8,173.105),(10942.4,533.009),(13183,4092.71),(8073.34,2628),(8352,2970),(7171.97,2352.18),(8207.97,3315.38),(7398,7956),(8477.52,6309.12),(5036.18,6443.48),(2268,6858),(3042,5508),(1156.35,5526.47),(559.72,2698.16),(374.539,1777.65),(1464.91,395.172),(7434,270),(6642,270),(5508,1908),(4590,2250)
时间106,(9882,4032),(7416,720),(5274,4788),(10809.1,5256.48),(14418,6840),(11287.8,5924.53),(12293.7,184.21),(10872,216),(13206,4425.25),(8082,2628),(8677.4,2897.69),(7434,2376),(7910.95,3164.07),(7731.23,7964.33),(8478,6300),(5040,6264),(2106,7074),(2710.65,5544.31),(1224,5814),(489.44,2372.31),(317.079,1449.31),(1131.61,400.197),(7100.66,270),(6975.34,270),(5184,1908),(4590,2502)
时间107,(9549.65,4057.57),(7429.32,386.93),(5556.67,4611.33),(10476.2,5238.96),(14544,7020),(11360.7,6249.8),(11960.5,195.315),(11205.3,210.049),(13229,4757.79),(8118,2736),(9002.8,2825.38),(7443.8,2709.19),(7848,3132),(8064.46,7972.66),(8460.48,6632.88),(5238,6210),(2268,6858),(2379.3,5580.63),(1147.65,5489.53),(432,2106),(306,1386),(798.317,405.221),(6767.33,270),(7308.67,270),(5508,1908),(4920.54,2545.11)
时间108,(9217.29,4083.13),(7434,270),(5562,4608),(10458,5238),(14418,6840),(11376,6318),(11880,198),(11538.6,204.097),(13252,5090.33),(8082,2628),(9162,2790),(7452,2988),(8145.02,3283.31),(8118,7974),(8460,6642),(5238,5886),(2487.5,6607.14),(2047.94,5616.94),(1080,5202),(374.539,1777.65),(275.267,1054.08),(465.019,410.246),(6642,270),(7434,270),(5184,1908),(5004,2556)
时间109,(9180,4086),(7420.68,603.07),(5346,4572),(10124.9,5250.34),(14084.7,6840),(11452,6642.57),(12213.2,186.895),(11871.8,198.146),(13266,5292),(8118,2736),(8836.6,2862.31),(7480.47,3320.12),(8442.03,3434.62),(8118,7668),(8128.32,6608.83),(5094,5634),(2707.01,6356.28),(1728,5652),(1014.63,4875.14),(317.079,1449.31),(244.534,722.168),(216,414),(6975.34,270),(7100.66,270),(5508,1908),(4673.46,2512.89)
时间110,(9198,4392),(7416,720),(5472,4356),(9972,5256),(14040,6840),(11527.9,6967.13),(12546.3,175.79),(11880,198),(13243,4959.46),(8118,2952),(8511.2,2934.62),(7506,3618),(8739.05,3585.93),(8083.7,7336.43),(8100,6606),(5238,5886),(2772,6282),(2059.35,5615.69),(990,4752),(306,1386),(216,414),(246.733,745.916),(7308.67,270),(6767.33,270),(5184,1908),(4590,2502)
时间111,(9162,4662),(7083.18,738.49),(5598,4356),(9846,5292),(13712.8,6903.84),(11574,7164),(12879.5,164.685),(11880,531.336),(13220,4626.92),(8118,2736),(8352,2970),(7697.83,3345.4),(8802,3618),(8064,7146),(8431.68,6639.17),(5094,5634),(2552.5,6532.86),(2390.7,5579.37),(1055.37,5078.86),(363.461,1714.35),(549.298,408.975),(277.466,1077.83),(7434,270),(6642,270),(5058,1800),(4920.54,2545.11)
时间112,(8828.66,4662),(6768,756),(5562,4608),(9972,5256),(13385.7,6967.67),(11498,6839.43),(12960,162),(11880,702),(13197,4294.38),(8450.57,2713.45),(8118,2952),(7848,3132),(9135.34,3618),(7730.78,7137.23),(8460,6642),(5238,5886),(2332.99,6783.72),(2722.06,5543.06),(1080,5202),(420.921,2042.69),(882.596,403.951),(306,1386),(7100.66,270),(6725.65,592.668),(5013.95,1469.59),(5004,2556)
时间113,(8495.33,4662),(6687.15,1079.38),(5634,4860),(9986.8,4922.99),(13302,6984),(11422.1,6514.87),(12971.5,495.138),(12213.3,696.536),(13174,3961.84),(8783.15,2690.91),(8352,2970),(8145.02,3283.31),(9468.67,3618),(7397.56,7128.46),(8128.32,6608.83),(5238,6210),(2268,6858),(3042,5508),(1413.09,5189.19),(432,2106),(1215.89,398.926),(275.267,1054.08),(6767.33,270),(6768,756),(4986,1260),(5022,2736)
时间114,(8161.99,4662),(6624,1332),(5508,4878),(10001.6,4589.99),(12970.5,7018.54),(11376,6318),(12978,684),(12546.6,691.072),(13151,3629.29),(9115.72,2668.36),(8677.4,2897.69),(8442.03,3434.62),(9802.01,3618),(7380,7128),(8100,6606),(5569.5,6244.9),(2487.5,6607.14),(3042,5220),(1548,5184),(374.539,1777.65),(1549.19,393.902),(244.534,722.168),(6642,270),(6684.35,433.332),(4655.76,1305.33),(5058,2916)
时间115,(8082,4662),(6390,1404),(5292,5058),(10008,4446),(12638.9,7053.07),(11042.7,6318),(12644.7,689.464),(12879.9,685.609),(13128,3296.75),(9180,2664),(9002.8,2825.38),(8739.05,3585.93),(10135.3,3618),(7046.8,7137.52),(8118,6282),(5580,6246),(2707.01,6356.28),(3042,5508),(1214.91,5196.81),(317.079,1449.31),(1882.49,388.877),(216,414),(6516,288),(6642,270),(4325.52,1350.65),(5364,2952)
时间116,(8415.34,4662),(6624,1332),(5130,4968),(9993.2,4779.01),(12307.4,7087.61),(10709.3,6318),(12311.4,694.928),(12978,684),(13105,2964.21),(8847.43,2686.55),(9162,2790),(8802,3618),(10152,3618),(6750,7146),(7784.76,6273.87),(5248.5,6211.1),(2772,6282),(2710.65,5544.31),(1080,5202),(306,1386),(2215.79,383.852),(549.298,408.975),(6182.66,288),(6725.65,592.668),(4068,1386),(5058,2916)
时间117,(8748.67,4662),(6390,1404),(5292,5058),(9978.4,5112.01),(11975.8,7122.14),(10376,6318),(11978.1,700.391),(12995.1,1016.9),(13082,2631.67),(8514.85,2709.09),(9166.63,3123.3),(8504.98,3466.69),(9818.66,3618),(6750,7479.34),(7451.53,6265.74),(5238,6210),(2441.7,6326.86),(2379.3,5580.63),(1014.63,4875.14),(275.267,1054.08),(2549.09,378.828),(882.596,403.951),(5849.33,288),(6768,756),(4013.2,1057.2),(5364,2952)
时间118,(9082.01,4662),(6624,1332),(5508,4878),(9972,5256),(11644.3,7156.68),(10242,6318),(11880,702),(13012.1,1349.8),(13068,2430),(8182.28,2731.64),(9171.26,3456.61),(8207.97,3315.38),(9485.33,3618),(6750,7812.67),(7380,6264),(5040,6264),(2111.39,6371.71),(2047.94,5616.94),(990,4752),(244.534,722.168),(2882.39,373.803),(1215.89,398.926),(5832,288),(6684.35,433.332),(3960,738),(5058,2916)
时间119,(9162,4662),(6704.85,1008.62),(5634,4860),(10305.1,5243.66),(11574,7164),(10242,5984.66),(12213.3,696.536),(13029.2,1682.7),(13091,2762.54),(8118,2736),(9175.89,3789.91),(7910.95,3164.07),(9151.99,3618),(6750,7956),(7380,6597.34),(5238,6210),(1781.09,6416.57),(1728,5652),(1322.69,4772.79),(216,414),(3215.68,368.779),(1549.19,393.902),(5832,621.336),(6642,270),(4293.34,738),(5022,2736)
时间120,(8828.66,4662),(6768,756),(5845.9,4602.69),(10458,5238),(11240.7,7168.69),(10242,5922),(12546.6,691.072),(13046.3,2015.59),(13114,3095.08),(8450.57,2713.45),(9180,4086),(7848,3132),(8818.66,3618),(6416.83,7945.42),(7380,6930.67),(5238,5886),(1450.78,6461.42),(1692,5832),(1566,4788),(549.298,408.975),(3548.98,363.754),(1882.49,388.877),(5832,738),(6725.65,592.668),(4626.67,738),(4688.66,2736)
时间121,(8495.33,4662),(6687.15,1079.38),(5886,4554),(10446.1,4904.88),(10907.4,7173.39),(9911.72,5967.04),(12879.9,685.609),(13050,2088),(13137,3427.62),(8783.15,2690.91),(9175.37,3752.7),(7656.17,3404.6),(8802,3618),(6083.66,7934.85),(7380,7128),(5238,6210),(1314,6480),(1728,5652),(1891.15,4714.58),(882.596,403.951),(3798,360),(2215.79,383.852),(5832,404.664),(6768,756),(4960.01,738),(4608,2736)
时间122,(8161.99,4662),(6624,1332),(5674.1,4811.31),(10434.2,4571.75),(10574.1,7178.08),(9846,5976),(12978,684),(12717.1,2104.37),(13160,3760.16),(9115.72,2668.36),(9170.74,3419.39),(7506,3618),(9135.34,3618),(5750.5,7924.27),(7046.8,7137.52),(5040,6264),(1644.3,6435.14),(1692,5832),(2124,4662),(1215.89,398.926),(3464.7,365.025),(2549.09,378.828),(5832,288),(6684.35,433.332),(5293.34,738),(4590,2502)
时间123,(8082,4662),(6876,1350),(5634,4860),(10422.3,4238.63),(10296,7182),(10176.3,5930.96),(12966.5,350.862),(12384.1,2120.75),(13183,4092.71),(9180,2664),(9166.11,3086.09),(7722,3636),(9468.67,3618),(5616,7920),(6750,7146),(5032.91,6597.26),(1974.61,6390.29),(1728,5652),(2093.82,4330.03),(1549.19,393.902),(3131.4,370.049),(2882.39,373.803),(6165.34,288),(6642,270),(5626.68,738),(4590,2250)
时间124,(8415.34,4662),(6844.4,1681.83),(5562,4608),(10422,4230),(10321.6,7514.35),(10242,5922),(12960,162),(12051.2,2137.12),(13206,4425.25),(8847.43,2686.55),(9162,2790),(7506,3618),(9802.01,3618),(5949.17,7930.58),(6743.06,6812.74),(5025.82,6930.52),(2304.91,6345.43),(2059.35,5615.69),(2088,4266),(1882.49,388.877),(2798.11,375.074),(3215.68,368.779),(6498.67,288),(6516,288),(5832,738),(4256.66,2250)
时间125,(8748.67,4662),(6840,1728),(5775.4,4351.92),(10088.7,4230),(10332,7650),(10242,6255.34),(12971.5,495.138),(11952,2142),(13229,4757.79),(8514.85,2709.09),(9491.26,2738.01),(7697.83,3345.4),(10135.3,3618),(6282.34,7941.15),(6736.11,6479.47),(5022,7110),(2635.22,6300.58),(2390.7,5579.37),(2118.18,4597.97),(2215.79,383.852),(2464.81,380.098),(3548.98,363.754),(6516,288),(6593.79,612.132),(5796,936),(4122,2250)
时间126,(9082.01,4662),(6871.6,1396.17),(5832,4284),(9954,4230),(10306.4,7317.65),(10242,6318),(12978,684),(12284.9,2125.63),(13252,5090.33),(8182.28,2731.64),(9820.51,2686.02),(7848,3132),(10152,3618),(6615.5,7951.73),(6732,6282),(4688.66,7110),(2772,6282),(2722.06,5543.06),(2124,4662),(2549.09,378.828),(2131.51,385.123),(3798,360),(6593.79,612.132),(6624,738),(6002.55,1197.63),(4086,2070)
时间127,(9162,4662),(6876,1350),(5618.6,4540.08),(10287.3,4230),(10296,7182),(10262.8,6650.69),(12995.1,1016.9),(12617.9,2109.25),(13266,5292),(8118,2736),(10149.8,2634.04),(8145.02,3283.31),(9818.66,3618),(6750,7956),(7065.21,6272.74),(4644,7110),(3007.7,6046.3),(3042,5508),(2093.82,4330.03),(2882.39,373.803),(1798.21,390.148),(3464.7,365.025),(6624,738),(6500.2,1047.49),(6066,1278),(4122,2250)
时间128,(9162,4995.34),(6624,1332),(5562,4608),(10422,4230),(10321.6,7514.35),(10283.6,6983.37),(13012.1,1349.8),(12950.8,2092.88),(13243,4959.46),(8118,2952),(10188,2628),(8442.03,3434.62),(9485.33,3618),(6416.83,7945.42),(7380,6264),(4977.34,7110),(3096,5958),(3042,5220),(2088,4266),(3215.68,368.779),(1464.91,395.172),(3131.4,370.049),(6546.21,413.868),(6408,1278),(6399.34,1278),(4104,2484)
时间129,(9162,5256),(6876,1350),(5598,4356),(10433.9,4563.12),(10332,7650),(10296,7182),(13029.2,1682.7),(13050,2088),(13220,4626.92),(8352,2970),(9858.74,2679.99),(8739.05,3585.93),(9151.99,3618),(6083.66,7934.85),(7713.24,6272.13),(5022,7110),(2764,5928.2),(2709.18,5201.51),(2022.63,3939.14),(3548.98,363.754),(1131.61,400.197),(2798.11,375.074),(6516,288),(6531.8,968.505),(6408,1278),(4104,2808)
时间130,(9162,4922.66),(6624,1332),(5616,4050),(10445.8,4896.25),(9998.66,7650),(10275.2,6849.31),(13046.3,2015.59),(13032.9,1755.1),(13197,4294.38),(8677.4,2897.69),(9529.49,2731.98),(8802,3618),(8818.66,3618),(5750.5,7924.27),(8046.47,6280.26),(5029.09,6776.74),(2432,5898.41),(2394,5184),(1962,3636),(3798,360),(798.317,405.221),(2464.81,380.098),(6182.66,288),(6624,738),(6531.8,968.505),(4104,2916)
时间131,(9162,4662),(6390,1404),(5922,4050),(10457.7,5229.37),(9665.33,7650),(10254.4,6516.63),(13050,2088),(13015.9,1422.2),(13174,3961.84),(9002.8,2825.38),(9200.23,2783.96),(9135.34,3618),(8802,3618),(5616,7920),(8118,6282),(5036.18,6443.48),(2099.99,5868.61),(2160,4950),(2027.37,3962.86),(3464.7,365.025),(465.019,410.246),(2131.51,385.123),(5849.33,288),(6546.21,413.868),(6624,738),(3798,2952)
时间132,(8828.66,4662),(6624,1332),(5616,4050),(10458,5238),(9594,7650),(10242,6318),(12717.1,2104.37),(12998.8,1089.3),(13151,3629.29),(9162,2790),(9162,2790),(9468.67,3618),(8504.98,3466.69),(5606.99,7586.79),(8450.92,6298.65),(5040,6264),(1767.99,5838.82),(2196,5166),(2088,4266),(3131.4,370.049),(216,414),(1798.21,390.148),(5832,288),(6516,288),(6500.2,1047.49),(4104,2916)
时间133,(8495.33,4662),(6390,1404),(5508,4068),(10446.1,4904.88),(9628.9,7981.5),(10575.3,6318),(12384.1,2120.75),(12981.7,756.406),(13128,3296.75),(9166.63,3123.3),(9491.26,2738.01),(9802.01,3618),(8207.97,3315.38),(5598,7254),(8478,6300),(4709.79,6218.45),(1692,5832),(1862.79,5175.26),(1754.66,4266),(2798.11,375.074),(549.298,408.975),(1464.91,395.172),(5498.87,299.792),(6642,270),(6408,1278),(4104,2808)
时间134,(8161.99,4662),(6624,1332),(5292,4284),(10434.2,4571.75),(9630,7992),(10908.7,6318),(12051.2,2137.12),(12978,684),(13105,2964.21),(9171.26,3456.61),(9820.51,2686.02),(10135.3,3618),(7910.95,3164.07),(5616,7110),(8460.48,6632.88),(4518,6192),(1358.91,5819.19),(1548,5184),(1421.33,4266),(2464.81,380.098),(882.596,403.951),(1131.61,400.197),(5165.75,311.584),(6516,288),(6074.66,1278),(4104,2916)
时间135,(8082,4662),(6876,1350),(5004,4302),(10422.3,4238.63),(9296.66,7992),(11242,6318),(11952,2142),(12966.5,350.862),(13082,2631.67),(9175.89,3789.91),(10149.8,2634.04),(10152,3618),(7848,3132),(5598,7254),(8460,6642),(4609.57,5871.49),(1224,5814),(1563.14,4851.01),(1278,4266),(2131.51,385.123),(1215.89,398.926),(798.317,405.221),(4832.62,323.376),(6182.66,288),(6066,1278),(4140,3132)
时间136,(8415.34,4662),(6894,1062),(4986,4572),(10422,4230),(9162,7992),(11376,6318),(12284.9,2125.63),(12960,162),(13068,2430),(9180,4086),(10188,2628),(9818.66,3618),(7656.17,3404.6),(5607.01,7587.21),(8477.52,6309.12),(4626,5814),(1268.64,6144.33),(1566,4788),(1255.07,3933.45),(1798.21,390.148),(1549.19,393.902),(465.019,410.246),(4499.49,335.168),(5849.33,288),(5859.45,1016.37),(4104,2916)
时间137,(8748.67,4662),(6876,1350),(4968,4680),(10088.7,4230),(9144.48,7659.12),(11303.1,5992.73),(12617.9,2109.25),(12626.8,173.105),(13091,2762.54),(9175.37,3752.7),(9858.74,2679.99),(9485.33,3618),(7506,3618),(5616,7920),(8478,6300),(4554,5634),(1313.28,6474.67),(1233.31,4767.21),(1242,3744),(1464.91,395.172),(1882.49,388.877),(216,414),(4166.36,346.961),(5832,288),(5796,936),(4437.02,2930.48)
时间138,(9082.01,4662),(6844.4,1681.83),(5274,4788),(9954,4230),(9144,7650),(11230.2,5667.47),(12950.8,2092.88),(12293.7,184.21),(13114,3095.08),(9170.74,3419.39),(9529.49,2731.98),(9151.99,3618),(7477.53,3285.88),(5949.17,7930.58),(8145.08,6283.35),(4626,5814),(1314,6480),(990,4752),(1264.93,4076.55),(1131.61,400.197),(2215.79,383.852),(246.733,745.916),(3833.24,358.753),(6165.34,288),(6002.55,1197.63),(4518,2934)
时间139,(9162,4662),(6840,1728),(4968,4680),(10287.3,4230),(9161.52,7982.88),(11157.3,5342.2),(13050,2088),(11960.5,195.315),(13137,3427.62),(9166.11,3086.09),(9200.23,2783.96),(8818.66,3618),(7452,2988),(6282.34,7941.15),(8118,6282),(4554,5634),(1372.6,6808.15),(1322.69,4772.79),(1278,4266),(798.317,405.221),(2549.09,378.828),(277.466,1077.83),(3798,360),(6498.67,288),(6066,1278),(4500,3150)
时间140,(8828.66,4662),(6871.6,1396.17),(4986,4896),(10422,4230),(9162,7992),(11142,5274),(12717.1,2104.37),(11880,198),(13160,3760.16),(9162,2790),(9162,2790),(8802,3618),(7147.39,2852.62),(6615.5,7951.73),(8118,5948.66),(4258.26,5787.79),(1404,6984),(1566,4788),(1255.07,3933.45),(465.019,410.246),(2882.39,373.803),(306,1386),(4131.13,348.208),(6516,288),(6399.34,1278),(4356,3348)
时间141,(8495.33,4662),(6876,1350),(4662,4878),(10433.9,4563.12),(9495.34,7992),(10809.1,5256.48),(12384.1,2120.75),(11546.7,203.951),(13183,4092.71),(9491.26,2738.01),(9166.63,3123.3),(8504.98,3466.69),(7128,2844),(6750,7956),(8118,5615.33),(4104,5868),(1733.85,6935.9),(1233.31,4767.21),(1242,3744),(216,414),(3215.68,368.779),(363.461,1714.35),(4464.25,336.416),(6593.79,612.132),(6408,1278),(4644,3330)
时间142,(8161.99,4662),(6844.4,1681.83),(4716,5184),(10445.8,4896.25),(9630,7992),(10476.2,5238.96),(12051.2,2137.12),(11213.4,209.903),(13206,4425.25),(9820.51,2686.02),(9171.26,3456.61),(8207.97,3315.38),(7114.12,3177.05),(6750,7622.66),(8118,5281.99),(4104,5688),(2063.69,6887.79),(990,4752),(1264.93,4076.55),(246.733,745.916),(3548.98,363.754),(420.921,2042.69),(4797.38,324.624),(6624,738),(6074.66,1278),(4932,3348)
时间143,(8082,4662),(6840,1728),(4932,5184),(10457.7,5229.37),(9296.66,7992),(10458,5238),(11952,2142),(10880.2,215.854),(13229,4757.79),(10149.8,2634.04),(9175.89,3789.91),(7910.95,3164.07),(7110,3276),(6750,7289.33),(8118,5220),(4407.46,5550.06),(2268,6858),(919.19,4426.27),(1278,4266),(277.466,1077.83),(3798,360),(432,2106),(5130.51,312.832),(6546.21,413.868),(6066,1278),(4644,3330)
时间144,(8415.34,4662),(6871.6,1396.17),(4716,5184),(10458,5238),(9162,7992),(10124.9,5250.34),(11618.8,2151.26),(10872,216),(13252,5090.33),(10188,2628),(9180,4086),(7848,3132),(6874.3,3511.7),(6750,7146),(8451.14,5231.49),(4500,5508),(2106,7074),(900,4338),(1611.34,4266),(306,1386),(3464.7,365.025),(502.28,2431.84),(5463.64,301.039),(6516,288),(6399.34,1278),(4932,3348)
时间145,(8748.67,4662),(6876,1350),(4932,5184),(10790.9,5255.52),(9144.48,7659.12),(9972,5256),(11304,2160),(10944.3,541.398),(13266,5292),(9858.74,2679.99),(9175.37,3752.7),(7656.17,3404.6),(6840,3546),(7083.2,7136.48),(8784.28,5242.98),(4196.54,5645.94),(1772.79,7083.26),(970.81,4663.73),(1944.67,4266),(363.461,1714.35),(3131.4,370.049),(572.56,2757.69),(5796.76,289.247),(6593.79,612.132),(6408,1278),(4950,3186)
时间146,(9082.01,4662),(6894,1062),(5130,4968),(11123.8,5273.04),(9144,7650),(9986.8,4922.99),(10996.6,2288.91),(11016.6,866.797),(13243,4959.46),(9529.49,2731.98),(9170.74,3419.39),(7506,3618),(6552,3690),(7380,7128),(9117.41,5254.46),(4104,5688),(1458,7092),(990,4752),(2088,4266),(420.921,2042.69),(2798.11,375.074),(630,3024),(5832,288),(6624,738),(6074.66,1278),(4932,3348)
时间147,(9162,4662),(7225.57,1096.3),(4932,5184),(11142,5274),(9477.34,7650),(10001.6,4589.99),(10689.2,2417.82),(11088.9,1192.19),(13220,4626.92),(9200.23,2783.96),(9166.11,3086.09),(7722,3636),(6220.17,3721.6),(7430.69,7457.46),(9162,5256),(3850.91,5904.93),(1791.21,7082.74),(1055.37,5078.86),(2421.32,4268.92),(432,2106),(2464.81,380.098),(708.986,3347.84),(5832,621.336),(6546.21,413.868),(6066,1278),(4644,3330)
时间148,(9198,4392),(7416,1116),(4914,5346),(11475.1,5286.57),(9594,7650),(10008,4446),(10381.8,2546.73),(11161.2,1517.59),(13197,4294.38),(9162,2790),(9162,2790),(7506,3618),(6174,3726),(7452,7596),(8828.86,5244.51),(3726,6012),(2106,7074),(1080,5202),(2754.65,4271.85),(764.464,2081.91),(2131.51,385.123),(787.972,3671.69),(5832,738),(6516,288),(5859.45,1016.37),(4356,3348)
时间149,(9530.6,4414.17),(7452,1368),(4932,5184),(11808.2,5299.14),(9927.34,7650),(9993.2,4779.01),(10188,2628),(11233.6,1842.99),(13174,3961.84),(9491.26,2738.01),(9491.26,2738.01),(7452,3888),(5868,3834),(7783.41,7631.83),(8495.72,5233.02),(3393.88,5983.53),(1772.79,7083.26),(1156.35,5526.47),(3087.97,4274.77),(1096.93,2057.82),(1798.21,390.148),(810,3762),(5498.66,738),(6642,270),(5796,936),(4500,3150)
时间150,(9863.2,4436.35),(7784.6,1345.83),(5130,4968),(12141.3,5311.71),(10260.7,7650),(9978.4,5112.01),(10495.4,2499.09),(11304,2160),(13151,3629.29),(9820.51,2686.02),(9820.51,2686.02),(7119.82,3860.32),(6174,3726),(8114.81,7667.66),(8162.59,5221.54),(3096,5958),(1458,7092),(1224,5814),(3421.29,4277.7),(1429.39,2033.73),(1464.91,395.172),(1143.05,3748.12),(5165.33,738),(6975.34,270),(5832,738),(4356,3348)
时间151,(10008,4446),(8117.2,1323.65),(4932,5184),(12474.4,5324.28),(10332,7650),(9972,5256),(10802.8,2370.18),(11637.2,2150.74),(13128,3296.75),(10149.8,2634.04),(10149.8,2634.04),(7020,3852),(6505.83,3694.4),(8118,7668),(8118,5220),(3428.12,5986.47),(1521.34,7419.26),(1147.65,5489.53),(3754.62,4280.62),(1674,2016),(1131.61,400.197),(1242,3744),(4831.99,738),(7308.67,270),(5498.66,738),(4644,3330)
时间152,(9675.4,4423.83),(8262,1314),(4716,5184),(12807.5,5336.85),(10306.4,7317.65),(9846,5292),(11110.2,2241.27),(11952,2142),(13105,2964.21),(10188,2628),(10188,2628),(6686.66,3852),(6552,3690),(8083.7,7336.43),(7785.12,5237.52),(3726,6012),(1566,7650),(1080,5202),(4087.94,4283.54),(1727.71,2344.98),(798.317,405.221),(1571.65,3694.55),(4498.66,738),(7434,270),(5165.33,738),(4356,3348)
时间153,(9342.8,4401.65),(7929.4,1336.17),(4662,4878),(13050,5346),(10296,7182),(9846,5625.34),(11304,2160),(11935.4,1809.08),(13082,2631.67),(9858.74,2679.99),(9858.74,2679.99),(6642,3852),(6840,3546),(8064,7146),(7452.25,5255.04),(3888,6066),(1502.66,7322.74),(1014.63,4875.14),(4140,4284),(1781.42,2673.96),(465.019,410.246),(1901.3,3645.11),(4165.32,738),(7100.66,270),(4831.99,738),(4500,3150)
时间154,(9198,4392),(7596.8,1358.35),(4716,5184),(12716.9,5333.43),(10321.6,7514.35),(9846,5958.67),(11231.7,1834.6),(11918.7,1476.16),(13068,2430),(9529.49,2731.98),(9529.49,2731.98),(6408,3852),(7110,3582),(8397.34,7146),(7434,5256),(4104,5868),(1458,7092),(990,4752),(4338,4248),(1818,2898),(216,414),(1962,3636),(3960,738),(6767.33,270),(4498.66,738),(4518,2934)
时间155,(9180,4086),(7452,1368),(4932,5184),(12383.8,5320.86),(10332,7650),(9846,5976),(11159.4,1509.2),(11902.1,1143.24),(13091,2762.54),(9200.23,2783.96),(9200.23,2783.96),(6390,4086),(7259.07,3283.86),(8730.67,7146),(7416.17,5588.86),(4399.74,5714.21),(1791.21,7082.74),(1055.37,5078.86),(4140,4284),(1486.52,2933.16),(246.733,745.916),(1898.16,3308.83),(4014.8,1066.8),(6642,270),(4165.32,738),(4626,2934)
时间156,(9198,4392),(7452,1701.34),(4914,5346),(12050.7,5308.29),(9998.66,7650),(9810,6300),(11087.1,1183.81),(11885.4,810.32),(13114,3095.08),(9162,2790),(9162,2790),(6058.32,4052.83),(7308,3186),(9064.01,7146),(7398.34,5921.72),(4554,5634),(2106,7074),(1080,5202),(3806.68,4281.08),(1155.05,2968.31),(277.466,1077.83),(1834.33,2981.67),(4068,1386),(6975.34,270),(3960,738),(4608,2736)
时间157,(9180,4086),(7452,1908),(4932,5184),(11717.6,5295.72),(9665.33,7650),(9846,5976),(11014.8,858.407),(11880,702),(13137,3427.62),(8836.6,2862.31),(9166.63,3123.3),(6030,4050),(7158.93,3484.14),(9162,7146),(7380.5,6254.58),(4626,5814),(2437.83,7105.6),(1413.09,5189.19),(3473.35,4278.15),(823.569,3003.47),(306,1386),(1818,2898),(4398.24,1340.67),(7308.67,270),(4293.34,738),(4626,2934)
时间158,(9512.35,4060.43),(7722,1890),(4914,5346),(11384.5,5283.15),(9594,7650),(10176.3,5930.96),(10942.4,533.009),(11896.6,1034.92),(13160,3760.16),(8511.2,2934.62),(9171.26,3456.61),(5994,4356),(7110,3582),(8828.66,7146),(7380,6264),(4534.43,6134.51),(2484,7110),(1548,5184),(3140.03,4275.23),(630,3024),(363.461,1714.35),(1764.29,2569.02),(4728.48,1295.35),(7434,270),(4626.67,738),(4641.14,3266.99)
时间159,(9844.71,4034.87),(7735.32,2223.07),(4603.58,5467.47),(11142,5274),(9628.9,7981.5),(10242,5922),(10872,216),(11913.3,1367.84),(13183,4092.71),(8352,2970),(9175.89,3789.91),(5886,4554),(7020,3852),(8495.33,7146),(7380,6597.34),(4518,6192),(2817.34,7110),(1881.21,5174.74),(2806.71,4272.3),(559.72,2698.16),(420.921,2042.69),(1710.58,2240.04),(4986,1260),(7100.66,270),(4960.01,738),(4644,3330)
时间160,(9882,4032),(7740,2340),(4500,5508),(11214.9,5599.27),(9630,7992),(9911.72,5967.04),(10538.7,221.649),(11929.9,1700.76),(13206,4425.25),(8677.4,2897.69),(9180,4086),(5994,4356),(6984,4050),(8161.99,7146),(7380,6930.67),(4563.33,6522.24),(3150.67,7110),(2196,5166),(2473.38,4269.38),(489.44,2372.31),(432,2106),(1674,2016),(5030.05,1590.41),(6767.33,270),(5293.34,738),(4932,3348)
时间161,(9954,4230),(7434,2376),(4810.42,5386.53),(11287.8,5924.53),(9296.66,7992),(9846,5976),(10205.4,227.298),(11946.6,2033.68),(13229,4757.79),(9002.8,2825.38),(9175.37,3752.7),(6030,4050),(7314.76,4091.35),(8064,7146),(7380,7128),(4608.65,6852.48),(3484.01,7110),(2160,4950),(2140.06,4266.46),(432,2106),(502.28,2431.84),(1341.54,2040.09),(5058,1800),(6642,270),(5626.68,738),(5166,3330)
时间162,(9882,4032),(7446.81,2042.91),(4914,5346),(11360.7,6249.8),(9162,7992),(9810,6300),(9872.14,232.947),(11952,2142),(13252,5090.33),(9162,2790),(9170.74,3419.39),(5994,4356),(7416,4104),(8098.3,7477.57),(7380,6794.66),(4644,7110),(3510,7110),(2124,4662),(2088,4266),(764.464,2081.91),(572.56,2757.69),(1009.07,2064.18),(5013.95,1469.59),(6516,288),(5832,738),(5148,3168)
时间163,(9549.65,4057.57),(7452,1908),(4603.58,5467.47),(11376,6318),(9144.48,7659.12),(10143,6313.88),(9538.85,238.596),(11618.8,2151.26),(13266,5292),(8836.6,2862.31),(9166.11,3086.09),(5886,4554),(7452,3888),(8118,7668),(7380,6461.33),(4672.27,7442.14),(3843.34,7110),(1798.85,4735.42),(2022.63,3939.14),(1096.93,2057.82),(630,3024),(676.607,2088.27),(4986,1260),(6642,270),(5796,936),(5166,2934)
时间164,(9217.29,4083.13),(7722,1890),(4500,5508),(11303.1,5992.73),(9144,7650),(10242,6318),(9205.56,244.245),(11304,2160),(13243,4959.46),(8511.2,2934.62),(9162,2790),(5994,4356),(7416,4104),(8118,7974),(7380,6264),(4700.53,7774.27),(4176.67,7110),(1566,4788),(1962,3636),(1429.39,2033.73),(559.72,2698.16),(432,2106),(5030.05,1590.41),(6516,288),(6002.55,1197.63),(5158.59,2600.75)
时间165,(9180,4086),(7735.32,2223.07),(4810.42,5386.53),(11230.2,5667.47),(9477.34,7650),(10575.3,6318),(8872.27,249.894),(10996.6,2288.91),(13220,4626.92),(8352,2970),(8836.6,2862.31),(6030,4050),(7452,3888),(8451.29,7979.75),(7380,6597.34),(4716,7956),(4510.01,7110),(1891.15,4714.58),(2027.37,3962.86),(1674,2016),(489.44,2372.31),(502.28,2431.84),(5058,1800),(6593.79,612.132),(6066,1278),(5151.19,2267.49)
时间166,(8846.71,4091.29),(7740,2340),(4914,5346),(11157.3,5342.2),(9594,7650),(10908.7,6318),(8748,252),(10689.2,2417.82),(13197,4294.38),(8118,2952),(8511.2,2934.62),(6325.28,3895.33),(7506,3618),(8784.57,7985.49),(7380,6930.67),(4383.01,7940.86),(4644,7110),(2124,4662),(2088,4266),(1727.71,2344.98),(432,2106),(572.56,2757.69),(5184,1908),(6624,738),(6399.34,1278),(5148,2124)
时间167,(8513.41,4096.58),(7726.68,2006.93),(4932,5184),(11142,5274),(9260.66,7650),(11242,6318),(9081.29,246.351),(10381.8,2546.73),(13174,3961.84),(8352,2970),(8352,2970),(6408,3852),(7722,3636),(9117.86,7991.24),(7380,7128),(4050.02,7925.73),(4310.66,7110),(2160,4950),(2118.18,4597.97),(1781.42,2673.96),(764.464,2081.91),(630,3024),(5058,1800),(6500.2,1047.49),(6408,1278),(4815.09,2107.07)
时间168,(8180.12,4101.87),(7722,1890),(5264.88,5201.52),(11475.1,5286.57),(9144,7650),(11376,6318),(9414.58,240.702),(10188,2628),(13151,3629.29),(8118,2952),(8118,2952),(6642,3852),(7506,3618),(9162,7992),(7430.69,7457.46),(3717.02,7910.59),(3977.33,7110),(2394,5184),(2124,4662),(1818,2898),(1096.93,2057.82),(708.986,3347.84),(5013.95,1469.59),(6408,1278),(6531.8,968.505),(4482.19,2090.15)
时间169,(8046,4104),(7452,1908),(5274,5202),(11808.2,5299.14),(9477.34,7650),(11042.7,6318),(9747.86,235.053),(10495.4,2499.09),(13128,3296.75),(7812,2898),(8118,2736),(6975.34,3852),(7452,3888),(8828.71,7986.25),(7452,7596),(3528,7902),(3643.99,7110),(2196,5166),(2093.82,4330.03),(2151.3,2902.57),(1429.39,2033.73),(787.972,3671.69),(4986,1260),(6074.66,1278),(6624,738),(4149.28,2073.22)
时间170,(8379.29,4098.71),(7722,1890),(5606.88,5219.52),(12141.3,5311.71),(9594,7650),(10709.3,6318),(10081.2,229.404),(10802.8,2370.18),(13105,2964.21),(7740,2628),(8450.57,2713.45),(7020,3852),(7785.34,3888),(8495.43,7980.51),(7402.55,7925.65),(3194.66,7902),(3510,7110),(2160,4950),(2088,4266),(2484.61,2907.13),(1674,2016),(810,3762),(5030.05,1590.41),(6066,1278),(6500.2,1047.49),(4086,2070)
时间171,(8712.59,4093.42),(7735.32,2223.07),(5616,5220),(12474.4,5324.28),(9628.9,7981.5),(10376,6318),(10414.4,223.755),(11110.2,2241.27),(13082,2631.67),(8073.34,2628),(8783.15,2690.91),(7352.18,3879.68),(8118.67,3888),(8162.14,7974.76),(7398,7956),(2861.33,7902),(3843.34,7110),(2196,5166),(2421.32,4268.92),(2817.91,2911.7),(1341.54,2040.09),(731.014,3438.16),(5058,1800),(5859.45,1016.37),(6408,1278),(4418.91,2086.93)
时间172,(9045.88,4088.13),(7740,2340),(5283.12,5202.48),(12807.5,5336.85),(9630,7992),(10242,6318),(10747.7,218.106),(11304,2160),(13068,2430),(8082,2628),(9115.72,2668.36),(7452,3888),(8316,3888),(8118,7974),(7064.66,7956),(2527.99,7902),(4176.67,7110),(2160,4950),(2754.65,4271.85),(3132,2916),(1009.07,2064.18),(652.028,3114.31),(5013.95,1469.59),(5796,936),(6074.66,1278),(4751.81,2103.85)
时间173,(9180,4086),(7726.68,2006.93),(5274,5202),(13050,5346),(9595.1,7660.5),(10262.8,6650.69),(10872,216),(10996.6,2288.91),(13091,2762.54),(7748.66,2628),(9180,2664),(7119.82,3860.32),(7982.66,3888),(8118,7668),(6750,7956),(2502,7902),(4510.01,7110),(2394,5184),(3087.97,4274.77),(2798.7,2911.43),(676.607,2088.27),(630,3024),(4986,1260),(6002.55,1197.63),(6066,1278),(5084.72,2120.78)
时间174,(9512.35,4060.43),(7722,1890),(5606.88,5219.52),(13234.1,5623.87),(9594,7650),(10283.6,6983.37),(11205.3,210.049),(10689.2,2417.82),(13114,3095.08),(7740,2628),(9198,2340),(7020,3852),(7649.33,3888),(7786.59,7632.17),(7083.34,7956),(2835.34,7902),(4644,7110),(2160,4950),(3421.29,4277.7),(2465.39,2906.87),(432,2106),(961.477,2988.84),(4655.76,1305.33),(6066,1278),(5859.45,1016.37),(5148,2124)
时间175,(9844.71,4034.87),(7452,1908),(5616,5220),(13418.3,5901.73),(9260.66,7650),(10296,7182),(11538.6,204.097),(10381.8,2546.73),(13137,3427.62),(8073.34,2628),(8864.73,2346.41),(6686.66,3852),(7452,3888),(7455.19,7596.34),(7398,7956),(3168.67,7902),(4672.27,7442.14),(2124,4662),(3754.62,4280.62),(2132.09,2902.3),(764.464,2081.91),(1292.95,2953.69),(4325.52,1350.65),(5859.45,1016.37),(5796,936),(5155.41,2457.25)
时间176,(9882,4032),(7439.19,2241.09),(5632.65,4887.08),(13602.4,6179.6),(9144,7650),(9962.83,7171.42),(11871.8,198.146),(10188,2628),(13160,3760.16),(8082,2628),(8531.45,2352.82),(6642,3852),(7416,4104),(7452,7596),(7447.45,7626.35),(3502.01,7902),(4700.53,7774.27),(2093.82,4330.03),(4087.94,4283.54),(1818,2898),(1096.93,2057.82),(1624.43,2918.53),(4068,1386),(5796,936),(5832,738),(5162.81,2790.51)
时间177,(9954,4230),(7434,2376),(5634,4860),(13786.5,6457.47),(9477.34,7650),(9629.66,7160.85),(11880,198),(10495.4,2499.09),(13183,4092.71),(8118,2736),(8262,2358),(6408,3852),(7749.34,4104),(7783.41,7631.83),(7452,7596),(3528,7902),(4716,7956),(2088,4266),(4140,4284),(1486.52,2933.16),(1429.39,2033.73),(1818,2898),(4076.77,1719.22),(6002.55,1197.63),(5796,936),(5166,2934)
时间178,(9882,4032),(7740,2340),(5617.35,5192.92),(13970.6,6735.33),(9594,7650),(9296.5,7150.27),(11546.7,203.951),(10802.8,2370.18),(13206,4425.25),(8082,2628),(8595.27,2351.59),(6642,3852),(8046,4104),(8114.81,7667.66),(7401.31,7266.54),(3194.66,7902),(4687.73,7623.86),(2022.63,3939.14),(3806.68,4281.08),(1155.05,2968.31),(1674,2016),(1486.52,2933.16),(4085.54,2052.44),(6066,1278),(6002.55,1197.63),(5148,3168)
时间179,(9549.65,4057.57),(7434,2376),(5616,5220),(14040,6840),(9628.9,7981.5),(9162,7146),(11213.4,209.903),(11110.2,2241.27),(13229,4757.79),(7748.66,2628),(8928.55,2345.18),(6678,4050),(8067.46,4436.64),(8118,7668),(7380,7128),(2861.33,7902),(4659.47,7291.73),(1962,3636),(3473.35,4278.15),(823.569,3003.47),(1727.71,2344.98),(1155.05,2968.31),(4086,2070),(5859.45,1016.37),(6066,1278),(5166,3330)
时间180,(9217.29,4083.13),(7446.81,2042.91),(5632.65,4887.08),(13712.8,6903.84),(9630,7992),(9169.24,6812.74),(10880.2,215.854),(11304,2160),(13252,5090.33),(7740,2628),(9198,2340),(6390,4086),(8082,4662),(7786.59,7632.17),(7430.69,7457.46),(2527.99,7902),(4644,7110),(2027.37,3962.86),(3140.03,4275.23),(630,3024),(1781.42,2673.96),(823.569,3003.47),(4077.23,1736.78),(5796,936),(5859.45,1016.37),(4932,3348)
时间181,(9180,4086),(7452,1908),(5634,4860),(13385.7,6967.67),(9963.32,7994.95),(9176.49,6479.49),(10872,216),(11231.7,1834.6),(13266,5292),(7812,2898),(9180,2664),(6408,3852),(8060.54,4329.36),(7455.19,7596.34),(7452,7596),(2502,7902),(4672.27,7442.14),(2088,4266),(2806.71,4272.3),(961.477,2988.84),(1818,2898),(630,3024),(4068.46,1403.56),(5832,738),(5796,936),(4950,3186)
时间182,(8846.71,4091.29),(7439.19,2241.09),(5508,4878),(13302,6984),(10296.6,7997.9),(9180,6318),(10538.7,221.649),(11159.4,1509.2),(13243,4959.46),(8118,2952),(9198,2340),(6112.72,4006.67),(8046,4104),(7452,7596),(7783.41,7631.83),(2835.34,7902),(4700.53,7774.27),(1754.66,4266),(2473.38,4269.38),(1292.95,2953.69),(1486.52,2933.16),(708.986,3347.84),(4068,1386),(5498.66,738),(5832,738),(5148,3168)
时间183,(8513.41,4096.58),(7434,2376),(5634,4860),(12970.5,7018.54),(10630,8000.85),(9172.76,6651.26),(10205.4,227.298),(11087.1,1183.81),(13220,4626.92),(7812,2898),(8864.73,2346.41),(6030,4050),(7712.66,4104),(7401.31,7266.54),(8114.81,7667.66),(3168.67,7902),(4716,7956),(1421.33,4266),(2140.06,4266.46),(1624.43,2918.53),(1155.05,2968.31),(787.972,3671.69),(4076.77,1719.22),(5165.33,738),(5796,936),(4950,3186)
时间184,(8180.12,4101.87),(7446.81,2042.91),(5845.9,4602.69),(12638.9,7053.07),(10963.3,8003.8),(9165.51,6984.51),(9872.14,232.947),(11014.8,858.407),(13197,4294.38),(8118,2952),(8531.45,2352.82),(6325.28,3895.33),(7416,4104),(7380,7128),(8118,7668),(3502.01,7902),(5049.07,7942.68),(1278,4266),(2088,4266),(1818,2898),(823.569,3003.47),(810,3762),(4085.54,2052.44),(4831.99,738),(5832,738),(5148,3168)
时间185,(8046,4104),(7452,1908),(5886,4554),(12307.4,7087.61),(11296.6,8006.75),(9162,7146),(9538.85,238.596),(10942.4,533.009),(13174,3961.84),(7812,2898),(8262,2358),(6408,3852),(7405.25,4437.16),(7046.8,7137.52),(8083.7,7336.43),(3528,7902),(5382.14,7929.35),(1255.07,3933.45),(1754.66,4266),(1881.84,3225.17),(630,3024),(1143.05,3748.12),(4086,2070),(4498.66,738),(5832,404.664),(4950,3186)
时间186,(8379.29,4098.71),(7722,1890),(5674.1,4811.31),(11975.8,7122.14),(11629.9,8009.7),(9169.24,6812.74),(9205.56,244.245),(10872,216),(13151,3629.29),(8118,2952),(7928.86,2346.51),(6112.72,4006.67),(7398,4662),(6750,7146),(8064,7146),(3520.43,7568.75),(5616,7920),(1242,3744),(1421.33,4266),(1945.67,3552.33),(708.986,3347.84),(1242,3744),(4077.23,1736.78),(4165.32,738),(5832,288),(4932,3348)
时间187,(8712.59,4093.42),(7452,1908),(5634,4860),(11644.3,7156.68),(11664,8010),(9176.49,6479.49),(8872.27,249.894),(10538.7,221.649),(13128,3296.75),(8118,2736),(7740,2340),(6030,4050),(7408.75,4328.84),(6743.06,6812.74),(8098.3,7477.57),(3512.85,7235.5),(5282.93,7933.32),(1264.93,4076.55),(1278,4266),(1962,3636),(787.972,3671.69),(1571.65,3694.55),(4068.46,1403.56),(3960,738),(5832,621.336),(5166,3330)
时间188,(9045.88,4088.13),(7452,1574.66),(5617.35,5192.92),(11574,7164),(11628.7,7678.53),(9180,6318),(8748,252),(10205.4,227.298),(13105,2964.21),(8118,2952),(8073.14,2351.49),(6361.68,4083.17),(7416,4104),(6736.11,6479.47),(8118,7668),(3510,7110),(4949.86,7946.65),(1278,4266),(950.551,4328.37),(1632.35,3685.45),(810,3762),(1901.3,3645.11),(4068,1386),(4293.34,738),(5832,738),(5166,3663.34)
时间189,(9180,4086),(7452,1368),(5616,5220),(11609.3,7495.47),(11593.5,7347.07),(9513.2,6308.48),(9081.29,246.351),(9872.14,232.947),(13082,2631.67),(8352,2970),(8262,2358),(6390,4086),(7085.24,4062.65),(6732,6282),(8083.7,7336.43),(3176.66,7110),(4716,7956),(950.551,4328.37),(900,4338),(1302.7,3734.89),(1143.05,3748.12),(1962,3636),(4398.24,1340.67),(4626.67,738),(5832,404.664),(5166,3780)
时间190,(8846.71,4091.29),(7416,1116),(5283.12,5202.48),(11644.5,7826.93),(11574,7164),(9810,6300),(9414.58,240.702),(9538.85,238.596),(13068,2430),(8118,2952),(8595.27,2351.59),(6390,4419.34),(6984,4050),(6405.14,6216.63),(8064,7146),(2843.33,7110),(4687.73,7623.86),(900,4338),(970.81,4663.73),(1242,3744),(1242,3744),(1898.16,3308.83),(4728.48,1295.35),(4960.01,738),(5832,288),(5166,3446.66)
时间191,(8513.41,4096.58),(7084.43,1081.7),(5274,5202),(11664,8010),(11498,6839.43),(10143,6313.88),(9747.86,235.053),(9205.56,244.245),(13091,2762.54),(8118,2736),(8928.55,2345.18),(6390,4662),(6678,4050),(6372,6210),(8086.17,6813.4),(2509.99,7110),(4659.47,7291.73),(1227.45,4275.63),(990,4752),(908.953,3757.88),(1571.65,3694.55),(1834.33,2981.67),(4986,1260),(5293.34,738),(6165.34,288),(5166,3330)
时间192,(8180.12,4101.87),(6894,1062),(5058,5454),(11330.7,8007.05),(11422.1,6514.87),(10242,6318),(10081.2,229.404),(8872.27,249.894),(13114,3095.08),(8082,2628),(9198,2340),(6390,4328.66),(6642,3852),(6372,5876.66),(8100,6606),(2484,7110),(4644,7110),(1278,4266),(1322.69,4772.79),(810,3762),(1901.3,3645.11),(1818,2898),(4655.76,1305.33),(5626.68,738),(6498.67,288),(4932,3348)
时间193,(8046,4104),(6768,756),(5274,5202),(10997.4,8004.1),(11376,6318),(10262.8,6650.69),(10414.4,223.755),(8748,252),(13137,3427.62),(7748.66,2628),(9198,2006.66),(6390,4086),(6678,4050),(6372,5543.33),(8077.83,6938.6),(2152.17,7078.4),(4598.67,6779.76),(1255.07,3933.45),(1566,4788),(1143.05,3748.12),(1962,3636),(2151.3,2902.57),(4325.52,1350.65),(5832,738),(6516,288),(4950,3186)
时间194,(8379.29,4098.71),(6687.15,1079.38),(4941.12,5184.48),(10664,8001.15),(11452,6642.57),(10283.6,6983.37),(10747.7,218.106),(9081.29,246.351),(13160,3760.16),(7740,2628),(9198,1673.33),(6408,3852),(6390,4086),(6372,5220),(8064,7146),(2106,7074),(4553.35,6449.52),(1242,3744),(1550.86,5120.99),(1242,3744),(1632.35,3685.45),(2484.61,2907.13),(4068,1386),(5832,404.664),(6182.66,288),(5148,3168)
时间195,(8712.59,4093.42),(6624,1332),(4932,5184),(10330.7,7998.2),(11527.9,6967.13),(10296,7182),(10872,216),(9414.58,240.702),(13183,4092.71),(8073.34,2628),(9198,1494),(6112.72,4006.67),(6678,4050),(6038.66,5220),(8086.17,6813.4),(2268,6858),(4518,6192),(1264.93,4076.55),(1548,5184),(1571.65,3694.55),(1302.7,3734.89),(2817.91,2911.7),(4398.24,1340.67),(5832,288),(5849.33,288),(5166,2934)
时间196,(9045.88,4088.13),(6704.85,1008.62),(5264.88,5201.52),(9997.39,7995.25),(11574,7164),(9962.83,7171.42),(11205.3,210.049),(9747.86,235.053),(13206,4425.25),(8082,2628),(9084.45,1180.6),(6030,4050),(6984,4050),(5705.33,5220),(8100,6606),(2106,7074),(4198.72,6096.22),(1278,4266),(1563.14,4851.01),(1901.3,3645.11),(1242,3744),(3132,2916),(4728.48,1295.35),(5832,621.336),(5832,288),(5158.59,2600.75)
时间197,(9180,4086),(6768,756),(5274,5202),(9664.06,7992.3),(11498,6839.43),(9629.66,7160.85),(11538.6,204.097),(10081.2,229.404),(13229,4757.79),(8118,2736),(8970.9,867.201),(5994,4356),(7314.76,4091.35),(5616,5220),(8118,6282),(2268,6858),(4158,6084),(950.551,4328.37),(1566,4788),(1962,3636),(1571.65,3694.55),(2798.7,2911.43),(4986,1260),(5832,738),(5498.87,299.792),(5151.19,2267.49)
时间198,(9198,4392),(6894,1062),(5058,5454),(9630,7992),(11422.1,6514.87),(9296.5,7150.27),(11871.8,198.146),(10414.4,223.755),(13252,5090.33),(8450.57,2713.45),(8857.35,553.802),(6030,4050),(7416,4104),(5604.31,5553.13),(7784.76,6273.87),(1938.15,6906.1),(4477.28,6179.78),(900,4338),(1891.15,4714.58),(1898.16,3308.83),(1901.3,3645.11),(2465.39,2906.87),(4655.76,1305.33),(5796,936),(5165.75,311.584),(5148,2124)
时间199,(9180,4086),(7225.57,1096.3),(5094,5634),(9963.32,7994.95),(11376,6318),(9162,7146),(11880,198),(10747.7,218.106),(13266,5292),(8783.15,2690.91),(8748,252),(6361.68,4083.17),(7085.24,4062.65),(5592.62,5886.26),(7451.53,6265.74),(1608.31,6954.21),(4518,6192),(848.541,4008.66),(2124,4662),(1834.33,2981.67),(1962,3636),(2132.09,2902.3),(4325.52,1350.65),(5832,738),(4832.62,323.376),(5155.41,2457.25)
时间200,(8846.71,4091.29),(7416,1116),(5058,5454),(10296.6,7997.9),(11303.1,5992.73),(9169.24,6812.74),(12213.2,186.895),(10872,216),(13243,4959.46),(9115.72,2668.36),(8415.57,276.624),(6390,4086),(6984,4050),(5580.93,6219.39),(7380,6264),(1404,6984),(4198.72,6096.22),(810,3762),(2093.82,4330.03),(1818,2898),(1898.16,3308.83),(1818,2898),(4068,1386),(5796,936),(4499.49,335.168),(5162.81,2790.51)
时间201,(8513.41,4096.58),(7452,1368),(5274,5202),(10630,8000.85),(11230.2,5667.47),(9176.49,6479.49),(12546.3,175.79),(11205.3,210.049),(13220,4626.92),(9180,2664),(8262,288),(6408,3852),(6678,4050),(5580,6246),(7397.83,5931.14),(1733.85,6935.9),(4158,6084),(861.459,4091.34),(2088,4266),(1764.29,2569.02),(1834.33,2981.67),(1764.29,2569.02),(4013.2,1057.2),(5832,738),(4166.36,346.961),(5166,2934)
时间202,(8180.12,4101.87),(7452,1701.34),(5606.88,5219.52),(10963.3,8003.8),(11157.3,5342.2),(9180,6318),(12879.5,164.685),(11538.6,204.097),(13197,4294.38),(8847.43,2686.55),(7928.74,280.755),(6390,4086),(6390,4086),(5591.69,5912.87),(7415.66,5598.28),(2063.69,6887.79),(4104,5868),(900,4338),(1754.66,4266),(1710.58,2240.04),(1818,2898),(1710.58,2240.04),(3960,738),(5498.66,738),(3833.24,358.753),(5158.59,2600.75)
时间203,(8046,4104),(7452,1908),(5616,5220),(11296.6,8006.75),(11142,5274),(9513.2,6308.48),(12960,162),(11871.8,198.146),(13174,3961.84),(8514.85,2709.09),(7595.49,273.511),(6058.32,4052.83),(6058.32,4052.83),(5603.38,5579.74),(7433.5,5265.42),(2268,6858),(4104,5688),(970.81,4663.73),(1421.33,4266),(1674,2016),(2151.3,2902.57),(1674,2016),(4014.8,1066.8),(5165.33,738),(3798,360),(5151.19,2267.49)
时间204,(8379.29,4098.71),(7452,1574.66),(5283.12,5202.48),(11629.9,8009.7),(10809.1,5256.48),(9810,6300),(12626.8,173.105),(11880,198),(13151,3629.29),(8182.28,2731.64),(7434,270),(6030,4050),(6030,4050),(5615.07,5246.61),(7434,5256),(2487.5,6607.14),(3850.91,5904.93),(990,4752),(1278,4266),(1640.83,1684.32),(2484.61,2907.13),(1727.71,2344.98),(4068,1386),(4831.99,738),(4131.13,348.208),(5148,2124)
时间205,(8712.59,4093.42),(7452,1368),(5274,5202),(11664,8010),(10476.2,5238.96),(9476.8,6309.52),(12293.7,184.21),(11880,531.336),(13128,3296.75),(8118,2736),(7767.26,277.245),(6325.28,3895.33),(6361.68,4083.17),(5616,5220),(7405.12,4923.92),(2707.01,6356.28),(3726,6012),(919.19,4426.27),(1611.34,4266),(1638,1656),(2817.91,2911.7),(1781.42,2673.96),(4013.2,1057.2),(4498.66,738),(4464.25,336.416),(4815.09,2107.07)
时间206,(9045.88,4088.13),(7452,1701.34),(5292,5058),(11997.3,8014.36),(10458,5238),(9180,6318),(11960.5,195.315),(11880,702),(13105,2964.21),(8118,2952),(8100.51,284.489),(6408,3852),(6390,4086),(5949.34,5220),(7398,4842),(2772,6282),(3393.88,5983.53),(900,4338),(1944.67,4266),(1671.17,1987.68),(3132,2916),(1818,2898),(3960,738),(4165.32,738),(4797.38,324.624),(4482.19,2090.15)
时间207,(9180,4086),(7452,1908),(5508,4878),(12330.6,8018.71),(10446.1,4904.88),(9174.35,5984.71),(11880,198),(11880,368.664),(13082,2631.67),(8118,2736),(8262,288),(6728,3758.67),(6390,4419.34),(6282.67,5220),(7064.72,4848.06),(2441.7,6326.86),(3096,5958),(970.81,4663.73),(2088,4266),(1674,2016),(2798.7,2911.43),(1764.29,2569.02),(4014.8,1066.8),(3960,738),(5130.51,312.832),(4149.28,2073.22)
时间208,(9198,4392),(7722,1890),(5292,5058),(12663.9,8023.07),(10434.2,4571.75),(9168.7,5651.42),(12213.2,186.895),(11880,198),(13068,2430),(8118,2952),(8262,621.336),(6840,3726),(6390,4662),(6372,5220),(6731.44,4854.12),(2111.39,6371.71),(3428.12,5986.47),(990,4752),(1754.66,4266),(1341.54,2040.09),(2465.39,2906.87),(1710.58,2240.04),(4068,1386),(3828.69,431.616),(5463.64,301.039),(4086,2070)
时间209,(9530.6,4414.17),(7735.32,2223.07),(5274,5202),(12997.2,8027.43),(10422.3,4238.63),(9163.05,5318.14),(12546.3,175.79),(12213.2,186.895),(13091,2762.54),(8352,2970),(8262,954.672),(6520,3819.33),(6390,4328.66),(6372,5553.34),(6408,4860),(1781.09,6416.57),(3726,6012),(1322.69,4772.79),(1421.33,4266),(1009.07,2064.18),(2132.09,2902.3),(1674,2016),(4398.24,1340.67),(3798,360),(5796.76,289.247),(4418.91,2086.93)
时间210,(9863.2,4436.35),(7740,2340),(5606.88,5219.52),(13330.5,8031.78),(10422,4230),(9162,5256),(12879.5,164.685),(12546.3,175.79),(13114,3095.08),(8677.4,2897.69),(8262,1288.01),(6408,3852),(6390,4086),(6372,5886.67),(6374.83,5191.68),(1450.78,6461.42),(3888,6066),(1566,4788),(1278,4266),(676.607,2088.27),(1818,2898),(1341.54,2040.09),(4728.48,1295.35),(4131.13,348.208),(5832,288),(4751.81,2103.85)
时间211,(10008,4446),(7434,2376),(5616,5220),(13663.8,8036.14),(10088.7,4230),(9494.88,5273.52),(12960,162),(12879.5,164.685),(13137,3427.62),(9002.8,2825.38),(8262,1314),(6728,3758.67),(6390,4419.34),(6372,6210),(6372,5220),(1314,6480),(3726,6012),(1550.86,5120.99),(950.551,4328.37),(432,2106),(1486.52,2933.16),(1009.07,2064.18),(4986,1260),(4464.25,336.416),(6165.34,288),(5084.72,2120.78)
时间212,(9675.4,4423.83),(7740,2340),(5632.65,4887.08),(13997.2,8040.5),(9954,4230),(9827.75,5291.04),(12971.5,495.138),(12960,162),(13160,3760.16),(9162,2790),(8282.17,1646.73),(6840,3726),(6390,4662),(6039.01,6225.14),(6038.66,5220),(1372.6,6808.15),(3661.66,6339.07),(1548,5184),(900,4338),(502.28,2431.84),(1155.05,2968.31),(676.607,2088.27),(4655.76,1305.33),(4797.38,324.624),(6498.67,288),(5148,2124)
时间213,(9342.8,4401.65),(7434,2376),(5634,4860),(14330.5,8044.86),(10287.3,4230),(9846,5292),(12978,684),(12971.5,495.138),(13183,4092.71),(9491.26,2738.01),(8298,1908),(6520,3819.33),(6390,4328.66),(5706.02,6240.27),(5705.33,5220),(1404,6984),(3597.32,6666.13),(1214.91,5196.81),(1227.45,4275.63),(572.56,2757.69),(823.569,3003.47),(432,2106),(4325.52,1350.65),(5130.51,312.832),(6516,288),(4815.09,2107.07)
时间214,(9198,4392),(7446.81,2042.91),(5562,4608),(14418,8046),(10422,4230),(9513.12,5274.48),(12995.1,1016.9),(12978,684),(13206,4425.25),(9820.51,2686.02),(8277.83,1575.27),(6408,3852),(6390,4086),(5580,6246),(5616,5220),(1733.85,6935.9),(3532.98,6993.2),(1080,5202),(1278,4266),(630,3024),(630,3024),(502.28,2431.84),(4068,1386),(5463.64,301.039),(6182.66,288),(4482.19,2090.15)
时间215,(9530.6,4414.17),(7452,1908),(5598,4356),(14084.7,8041.64),(10088.7,4230),(9180.25,5256.96),(13012.1,1349.8),(12644.7,689.464),(13229,4757.79),(10149.8,2634.04),(8262,1314),(6390,4086),(6678,4050),(5912.99,6230.86),(5604.31,5553.13),(2063.69,6887.79),(3510,7110),(1156.35,5526.47),(1611.34,4266),(708.986,3347.84),(559.72,2698.16),(572.56,2757.69),(4398.24,1340.67),(5796.76,289.247),(5849.33,288),(4149.28,2073.22)
时间216,(9863.2,4436.35),(7439.19,2241.09),(5562,4608),(13751.4,8037.29),(9954,4230),(9162,5256),(13029.2,1682.7),(12311.4,694.928),(13252,5090.33),(10188,2628),(8282.17,1646.73),(6390,4419.34),(6390,4086),(6245.98,6215.73),(5592.62,5886.26),(2268,6858),(3176.66,7110),(1224,5814),(1944.67,4266),(787.972,3671.69),(489.44,2372.31),(630,3024),(4728.48,1295.35),(5832,288),(5832,288),(4086,2070)
时间217,(10008,4446),(7434,2376),(5279.33,4784.67),(13418.1,8032.93),(10287.3,4230),(9494.88,5273.52),(13046.3,2015.59),(11978.1,700.391),(13266,5292),(9858.74,2679.99),(8298,1908),(6390,4662),(6408,3852),(6372,6210),(5580.93,6219.39),(2487.5,6607.14),(2843.33,7110),(1147.65,5489.53),(2088,4266),(810,3762),(432,2106),(559.72,2698.16),(4986,1260),(5832,621.336),(5832,621.336),(3752.66,2070)
时间218,(9675.4,4423.83),(7446.81,2042.91),(5274,4788),(13084.8,8028.57),(10422,4230),(9827.75,5291.04),(13050,2088),(11880,702),(13243,4959.46),(9529.49,2731.98),(7964.83,1897.59),(6390,4328.66),(6642,3852),(6698.86,6275.37),(5580,6246),(2707.01,6356.28),(2509.99,7110),(1080,5202),(2118.18,4597.97),(1143.05,3748.12),(764.464,2081.91),(489.44,2372.31),(4655.76,1305.33),(5832,738),(5832,738),(3419.33,2070)
时间219,(9342.8,4401.65),(7452,1908),(5130,4968),(12751.5,8024.22),(10433.9,4563.12),(9846,5292),(13032.9,1755.1),(11896.6,1034.92),(13220,4626.92),(9200.23,2783.96),(7722,1890),(6390,4086),(6975.34,3852),(6732,6282),(5593.88,6579.05),(2772,6282),(2484,7110),(1156.35,5526.47),(2124,4662),(1242,3744),(1096.93,2057.82),(432,2106),(4325.52,1350.65),(5498.66,738),(5498.66,738),(3294,2070)
时间220,(9198,4392),(7452,1574.66),(5292,5058),(12418.2,8019.86),(10445.8,4896.25),(9513.12,5274.48),(13015.9,1422.2),(11913.3,1367.84),(13197,4294.38),(9162,2790),(8055.17,1900.41),(6058.32,4052.83),(7020,3852),(6738.94,6615.26),(5607.75,6912.09),(3007.7,6046.3),(2152.17,7078.4),(1224,5814),(2160,4950),(908.953,3757.88),(1429.39,2033.73),(374.539,1777.65),(4068,1386),(5165.33,738),(5165.33,738),(3294,2250)
时间221,(9162,4662),(7452,1368),(5508,4878),(12084.8,8015.5),(10457.7,5229.37),(9180.25,5256.96),(12998.8,1089.3),(11929.9,1700.76),(13174,3961.84),(9491.26,2738.01),(8298,1908),(6030,4050),(6984,4050),(6745.89,6948.53),(5616,7110),(3096,5958),(2106,7074),(1147.65,5489.53),(2196,5166),(810,3762),(1674,2016),(317.079,1449.31),(4076.77,1719.22),(4831.99,738),(4831.99,738),(3474,2250)
时间222,(9162,4995.34),(7118.83,1357.59),(5634,4860),(11751.5,8011.14),(10458,5238),(9162,5256),(12981.7,756.406),(11946.6,2033.68),(13151,3629.29),(9820.51,2686.02),(7964.83,1897.59),(5994,4356),(7314.76,4091.35),(6750,7146),(5598,7254),(2764,5928.2),(1878.02,7317.18),(1080,5202),(2160,4950),(731.014,3438.16),(1640.83,1684.32),(306,1386),(4085.54,2052.44),(4498.66,738),(4498.66,738),(3456,2502)
时间223,(9162,5256),(6876,1350),(5562,4608),(11664,8010),(10446.1,4904.88),(9494.88,5273.52),(12978,684),(11952,2142),(13128,3296.75),(10149.8,2634.04),(7722,1890),(5886,4554),(7416,4104),(6750,7479.34),(5931.09,7266.81),(2432,5898.41),(1650.04,7560.36),(1413.09,5189.19),(2124,4662),(652.028,3114.31),(1638,1656),(363.461,1714.35),(4086,2070),(4165.32,738),(4165.32,738),(3789.21,2492.74)
时间224,(9162,4922.66),(6894,1062),(5634,4860),(11997.3,8014.36),(10434.2,4571.75),(9827.75,5291.04),(12644.7,689.464),(12284.9,2125.63),(13105,2964.21),(10188,2628),(8055.17,1900.41),(5994,4356),(7085.24,4062.65),(6750,7812.67),(6264.18,7279.62),(2099.99,5868.61),(1566,7650),(1548,5184),(2160,4950),(630,3024),(1671.17,1987.68),(420.921,2042.69),(4077.23,1736.78),(3960,738),(3960,738),(4104,2484)
时间225,(9162,4662),(7225.57,1096.3),(5845.9,4602.69),(12330.6,8018.71),(10422.3,4238.63),(9846,5292),(12311.4,694.928),(12617.9,2109.25),(13082,2631.67),(9858.74,2679.99),(8298,1908),(5886,4554),(6984,4050),(6750,7956),(6534,7290),(1767.99,5838.82),(1602,7938),(1881.21,5174.74),(2196,5166),(708.986,3347.84),(1674,2016),(432,2106),(4068.46,1403.56),(3828.69,431.616),(4014.8,1066.8),(4437.11,2496.34)
时间226,(9162,4995.34),(7416,1116),(5886,4554),(12663.9,8023.07),(10422,4230),(9972,5256),(11978.1,700.391),(12950.8,2092.88),(13068,2430),(9529.49,2731.98),(8277.83,1575.27),(5994,4356),(7020,3852),(7083.34,7956),(6480,7128),(1692,5832),(1566,7650),(2196,5166),(1862.79,5175.26),(787.972,3671.69),(1727.71,2344.98),(374.539,1777.65),(4068,1386),(3798,360),(4068,1386),(4590,2502)
时间227,(9162,5256),(7416,782.664),(5674.1,4811.31),(12997.2,8027.43),(10433.9,4563.12),(10305.1,5243.66),(11880,702),(13050,2088),(13091,2762.54),(9200.23,2783.96),(8262,1314),(5886,4554),(6984,4050),(7398,7956),(6146.74,7121.06),(2024,5861.8),(1502.66,7322.74),(2394,5184),(1548,5184),(810,3762),(1781.42,2673.96),(317.079,1449.31),(4076.77,1719.22),(3929.31,666.384),(4076.77,1719.22),(4590,2250)
时间228,(9162,4922.66),(7416,720),(5634,4860),(13330.5,8031.78),(10445.8,4896.25),(10458,5238),(12213.3,696.536),(12717.1,2104.37),(13114,3095.08),(9162,2790),(8262,980.664),(5994,4356),(7020,3852),(7447.45,7626.35),(5813.47,7114.11),(2356,5891.59),(1458,7092),(2726.82,5202.49),(1881.21,5174.74),(731.014,3438.16),(1818,2898),(306,1386),(4085.54,2052.44),(3960,738),(4085.54,2052.44),(4256.66,2250)
时间229,(9162,4662),(7083.18,738.49),(5562,4608),(13663.8,8036.14),(10457.7,5229.37),(10790.9,5255.52),(12546.6,691.072),(12384.1,2120.75),(13137,3427.62),(9166.63,3123.3),(8262,647.328),(6030,4050),(6686.66,3852),(7452,7596),(5616,7110),(2688.01,5921.39),(1791.21,7082.74),(3042,5220),(2196,5166),(652.028,3114.31),(2151.3,2902.57),(275.267,1054.08),(4086,2070),(3828.69,431.616),(4086,2070),(4122,2250)
时间230,(8828.66,4662),(6768,756),(5346,4572),(13997.2,8040.5),(10458,5238),(11123.8,5273.04),(12879.9,685.609),(12051.2,2137.12),(13160,3760.16),(9171.26,3456.61),(8262,313.992),(6325.28,3895.33),(6642,3852),(7401.31,7266.54),(5598,7254),(3020.01,5951.18),(2106,7074),(2709.18,5201.51),(1862.79,5175.26),(630,3024),(2484.61,2907.13),(244.534,722.168),(4077.23,1736.78),(3798,360),(4077.23,1736.78),(3788.66,2250)
时间231,(8495.33,4662),(7100.82,737.51),(5472,4356),(14330.5,8044.86),(10124.9,5250.34),(11142,5274),(12978,684),(11952,2142),(13183,4092.71),(9175.89,3789.91),(8262,288),(6408,3852),(6678,4050),(7380,7128),(5931.09,7266.81),(3096,5958),(2437.83,7105.6),(2394,5184),(1548,5184),(708.986,3347.84),(2817.91,2911.7),(216,414),(4068.46,1403.56),(4131.13,348.208),(4068.46,1403.56),(3474,2250)
时间232,(8161.99,4662),(7416,720),(5598,4356),(14418,8046),(9972,5256),(11475.1,5286.57),(12995.1,1016.9),(11618.8,2151.26),(13206,4425.25),(9180,4086),(8262,621.336),(6642,3852),(6984,4050),(7046.8,7137.52),(6264.18,7279.62),(2860.3,6193.7),(2484,7110),(2726.82,5202.49),(1214.91,5196.81),(787.972,3671.69),(3132,2916),(246.733,745.916),(4068,1386),(4464.25,336.416),(4068,1386),(3807.34,2250)
时间233,(8082,4662),(7416,1053.34),(5472,4356),(14084.7,8041.64),(9986.8,4922.99),(11808.2,5299.14),(13012.1,1349.8),(11304,2160),(13229,4757.79),(9175.37,3752.7),(8262,954.672),(6678,4050),(6678,4050),(6750,7146),(6534,7290),(2772,6282),(2491.57,7443.25),(3042,5220),(1080,5202),(810,3762),(2798.7,2911.43),(277.466,1077.83),(4398.24,1340.67),(4797.38,324.624),(4398.24,1340.67),(4122,2250)
时间234,(8415.34,4662),(7416,1116),(5292,4284),(13751.4,8037.29),(10001.6,4589.99),(12141.3,5311.71),(13029.2,1682.7),(11231.7,1834.6),(13252,5090.33),(9170.74,3419.39),(8262,1288.01),(6984,4050),(6984,4050),(7083.2,7136.48),(6480,7128),(2441.7,6326.86),(2499.15,7776.5),(3042,5508),(1014.63,4875.14),(1143.05,3748.12),(2465.39,2906.87),(306,1386),(4728.48,1295.35),(5130.51,312.832),(4728.48,1295.35),(4104,2484)
时间235,(8748.67,4662),(7416,782.664),(5508,4068),(13418.1,8032.93),(10008,4446),(12474.4,5324.28),(13046.3,2015.59),(11159.4,1509.2),(13266,5292),(9166.11,3086.09),(8262,1314),(6678,4050),(7020,3852),(7380,7128),(6750,7146),(2111.39,6371.71),(2502,7902),(3042,5220),(990,4752),(1242,3744),(2132.09,2902.3),(275.267,1054.08),(4986,1260),(5463.64,301.039),(4986,1260),(4437.11,2496.34)
时间236,(9082.01,4662),(7416,720),(5616,4050),(13084.8,8028.57),(9993.2,4779.01),(12807.5,5336.85),(13050,2088),(11087.1,1183.81),(13243,4959.46),(9162,2790),(8282.17,1646.73),(6642,3852),(6984,4050),(7380,6794.66),(6743.06,6812.74),(1781.09,6416.57),(2168.93,7915.32),(3375.05,5233.88),(1055.37,5078.86),(908.953,3757.88),(1818,2898),(244.534,722.168),(5030.05,1590.41),(5796.76,289.247),(5030.05,1590.41),(4590,2502)
时间237,(9162,4662),(7429.32,386.93),(5508,4068),(12751.5,8024.22),(9978.4,5112.01),(13050,5346),(13067.5,2420.88),(11014.8,858.407),(13220,4626.92),(8836.6,2862.31),(8298,1908),(6408,3852),(7314.76,4091.35),(7380,6461.33),(6736.11,6479.47),(1450.78,6461.42),(1835.86,7928.65),(3474,5238),(1080,5202),(810,3762),(1764.29,2569.02),(216,414),(5058,1800),(5832,288),(5058,1800),(4920.54,2545.11)
时间238,(9198,4392),(7434,270),(5292,4284),(12418.2,8019.86),(9972,5256),(12716.9,5333.43),(13068,2430),(10942.4,533.009),(13197,4294.38),(8511.2,2934.62),(7964.83,1897.59),(6728,3758.67),(7416,4104),(7380,6264),(6732,6282),(1314,6480),(1602,7938),(3577.2,5554.96),(1156.35,5526.47),(731.014,3438.16),(1710.58,2240.04),(549.298,408.975),(5013.95,1469.59),(5498.87,299.792),(5184,1908),(5004,2556)
时间239,(9180,4086),(7420.68,603.07),(5508,4068),(12084.8,8015.5),(9846,5292),(12383.8,5320.86),(13050.5,2097.12),(10872,216),(13174,3961.84),(8352,2970),(7722,1890),(6840,3726),(7452,3888),(7046.79,6273.26),(7065.21,6272.74),(1269.36,6149.67),(1566,7650),(3680.39,5871.92),(1224,5814),(652.028,3114.31),(1674,2016),(882.596,403.951),(4986,1260),(5165.75,311.584),(5058,1800),(5022,2736)
时间240,(9512.35,4060.43),(7416,720),(5616,4050),(11751.5,8011.14),(9513.12,5274.48),(12050.7,5308.29),(13050,2088),(10944.3,541.398),(13151,3629.29),(8677.4,2897.69),(8055.17,1900.41),(7110,3582),(7416,4104),(6732,6282),(7380,6264),(1224.72,5819.33),(1793.98,7406.82),(3726,6012),(1147.65,5489.53),(630,3024),(1341.54,2040.09),(1215.89,398.926),(5030.05,1590.41),(4832.62,323.376),(5184,1908),(5004,2556)
End
