  3.6906469e+004
  3.7373086e+004
  3.7821043e+004
  3.8243794e+004
  3.8584579e+004
  3.8752710e+004
  3.8658079e+004
  3.8256508e+004
  3.7583307e+004
  3.6750281e+004
  3.5899440e+004
  3.5135083e+004
  3.4474283e+004
  3.3848306e+004
  3.3156629e+004
  3.2340775e+004
  3.1430685e+004
  3.0532234e+004
  2.9760677e+004
  2.9158116e+004
  2.8643438e+004
  2.8025472e+004
  2.7076348e+004
  2.5631193e+004
  2.3667290e+004
  2.1324766e+004
  1.8856267e+004
  1.6524083e+004
  1.4488225e+004
  1.2737353e+004
  1.1099858e+004
  9.3370284e+003
  7.2776924e+003
  4.9264879e+003
  2.4847472e+003
  2.6612725e+002
 -1.4524662e+003
 -2.5646615e+003
 -3.1791257e+003
 -3.5516881e+003
 -3.9476489e+003
 -4.5160485e+003
 -5.2455412e+003
 -6.0169916e+003
 -6.7078513e+003
 -7.2769308e+003
 -7.7798982e+003
 -8.3167592e+003
 -8.9556929e+003
 -9.6851554e+003
 -1.0418380e+004
 -1.1036269e+004
 -1.1434654e+004
 -1.1550270e+004
 -1.1363478e+004
 -1.0891953e+004
 -1.0186104e+004
 -9.3217209e+003
 -8.3770431e+003
 -7.3919175e+003
 -6.3282911e+003
 -5.0634012e+003
 -3.4339148e+003
 -1.3159148e+003
  1.3040122e+003
  4.3125070e+003
  7.5217019e+003
  1.0758908e+004
  1.3937157e+004
  1.7063003e+004
  2.0180726e+004
  2.3294378e+004
  2.6321560e+004
  2.9108370e+004
  3.1493013e+004
  3.3376116e+004
  3.4757150e+004
  3.5723113e+004
  3.6405276e+004
  3.6932029e+004
  3.7396956e+004
  3.7844218e+004
  3.8264466e+004
  3.8598599e+004
  3.8754941e+004
  3.8644659e+004
  3.8227149e+004
  3.7542221e+004
  3.6704753e+004
  3.5856484e+004
  3.5098014e+004
