纬度		经度		角度（北顺）	速度（米/秒）	压强（毫巴）
37.940		45.941		11.262		73.906		586.192 
36.960		45.924		15.606		80.028		419.027 
35.932		45.929		20.590		116.949		476.822 
39.955		46.953		7.076		58.706		529.528 
34.916		46.990		16.127		108.166		692.212 
-18.957		46.989		6.710		198.356		250.218 
-19.979		46.979		6.817		199.215		427.293 
-22.947		46.956		14.762		149.611		712.117 
39.954		47.915		10.808		72.240		736.234 
38.933		47.933		10.884		45.479		531.574 
34.916		47.969		15.755		108.410		382.460 
-21.960		47.940		8.564		136.429		586.399 
-22.956		47.968		7.638		112.665		297.134 
-23.965		47.975		4.249		138.132		271.532 
38.930		48.948		13.955		58.524		600.420 
35.927		48.910		7.760		124.690		524.330 
33.930		48.919		15.263		108.381		541.858 
-16.979		48.939		8.713		133.192		261.308 
-18.990		48.935		15.413		99.689		324.490 
-23.974		48.973		14.693		151.093		291.295 
-24.939		48.991		14.126		73.614		480.745 
-25.971		48.963		8.408		140.374		635.213 
39.948		49.958		10.500		71.314		637.953 
38.930		49.943		13.843		58.082		740.574 
37.928		49.984		10.578		72.105		786.447 
33.931		49.927		11.032		114.006		540.648 
31.942		49.929		10.895		135.827		392.218 
-16.949		49.954		11.760		119.766		368.218 
-19.972		49.975		11.248		104.174		577.419 
-21.984		49.958		15.024		100.025		700.503 
-24.949		49.977		8.390		139.715		712.763 
-25.979		49.960		11.031		104.909		657.752 
39.949		50.949		15.007		37.151		384.100 
38.932		50.918		10.409		71.324		556.480 
-15.979		50.931		8.621		133.383		638.706 
-17.965		50.987		8.538		134.647		480.380 
-20.961		50.991		11.028		104.581		722.512 
-25.934		50.960		7.232		114.888		659.223 
-32.961		50.937		4.238		204.866		609.913 
-36.952		50.944		23.333		144.456		466.495 
-37.932		50.944		13.785		121.540		593.722 
-39.949		50.949		21.580		136.819		795.486 
39.953		51.920		13.613		56.403		572.727 
38.932		51.958		6.826		57.341		588.867 
27.927		51.979		13.575		107.655		359.043 
-6.005		51.974		7.246		216.366		310.520 
-18.992		51.930		6.537		195.310		370.976 
-19.954		51.970		14.582		100.451		717.302 
-20.977		51.977		18.285		97.896		439.542 
-25.943		51.987		15.067		129.268		550.746 
-32.964		51.970		11.327		166.248		455.698 
-34.926		51.931		10.773		131.497		621.976 
-35.930		51.955		17.100		152.175		517.232 
-36.955		51.954		23.328		144.558		330.526 
-38.932		51.958		27.907		148.631		547.383 
-39.953		51.920		21.547		137.042		495.704 
38.934		52.979		6.783		56.956		639.509 
28.947		52.985		20.889		73.460		538.274 
25.957		52.928		21.083		74.061		804.983 
21.976		52.959		12.773		106.717		634.663 
-5.015		52.964		5.784		184.110		190.374 
-16.960		52.982		4.232		134.688		275.745 
-30.957		52.976		24.138		113.316		704.510 
-32.973		52.910		11.336		165.944		469.560 
-34.928		52.972		18.969		140.275		490.405 
-35.936		52.932		17.117		152.115		565.159 
-36.959		52.945		21.445		133.910		471.901 
-37.936		52.973		25.595		138.305		337.231 
-38.934		52.979		34.192		143.826		386.704 
-39.954		52.958		32.285		137.392		478.995 
34.938		53.919		13.746		77.566		655.405 
28.959		53.937		20.634		73.152		537.255 
26.952		53.943		56.084		221.304		789.919 
23.929		53.995		16.284		103.916		595.673 
22.983		53.923		16.222		103.737		705.469 
21.941		53.935		19.749		101.426		735.484 
-3.009		53.970		6.657		329.187		382.422 
-4.030		53.979		6.615		149.878		140.280 
-5.006		53.978		2.886		183.920		446.321 
-20.960		53.978		3.324		195.425		691.814 
-25.970		53.920		12.411		141.580		568.496 
-29.927		53.930		14.224		172.000		420.762 
-30.966		53.949		10.859		183.005		529.684 
-31.963		53.975		15.269		159.859		750.912 
-32.919		53.938		12.611		148.448		701.144 
-37.942		53.961		24.074		128.287		415.271 
-39.963		53.895		28.106		134.419		469.581 
33.959		54.916		10.667		48.554		756.146 
29.937		54.945		61.716		230.092		472.719 
28.970		54.942		24.487		84.635		592.101 
26.965		54.928		24.512		84.630		772.897 
25.926		54.982		24.503		84.611		766.121 
-4.024		54.974		2.872		183.031		245.849 
-25.926		54.982		12.381		141.723		571.429 
-26.965		54.928		14.750		154.413		330.093 
-27.960		54.944		14.830		155.406		421.479 
-28.970		54.942		14.055		170.613		448.163 
-29.937		54.945		17.715		177.563		504.817 
-31.974		54.943		11.225		164.148		441.409 
-32.925		54.989		18.729		168.962		542.183 
-33.959		54.916		12.689		149.595		509.765 
-36.971		54.953		21.357		134.369		708.146 
-37.951		54.932		19.165		143.911		556.567 
-38.947		54.966		23.634		147.134		475.979 
-39.970		54.898		28.072		134.627		486.439 
34.954		55.914		24.232		21.391		376.305 
33.966		55.964		25.418		30.322		357.433 
26.977		55.963		23.648		75.855		638.545 
25.942		55.941		24.155		84.440		723.843 
3.000		55.998		6.592		210.136		407.918 
-2.030		55.971		9.173		338.840		439.138 
-3.000		55.998		6.587		149.934		213.364 
-4.017		55.953		4.669		231.819		584.478 
-23.961		55.958		17.637		121.543		648.568 
-24.973		55.948		6.888		116.308		551.082 
-25.942		55.941		12.358		141.879		605.760 
-28.925		55.953		7.021		170.124		360.614 
-29.948		55.944		14.231		171.178		394.843 
-30.929		55.942		10.812		181.755		365.781 
-31.923		55.991		11.230		163.769		446.995 
-33.966		55.964		11.514		165.979		427.139 
-36.917		55.930		21.324		134.499		637.659 
-37.957		55.964		17.279		130.845		687.741 
-38.957		55.936		29.724		341.666		688.706 
38.965		56.968		10.707		43.379		375.226 
34.963		56.959		25.628		29.312		354.185 
33.916		56.954		23.054		38.441		374.807 
32.947		56.971		16.848		31.541		524.527 
31.937		56.928		25.141		32.483		654.000 
26.938		56.935		16.849		80.881		611.584 
-1.013		56.951		2.849		0.706		393.798 
-27.930		56.971		10.642		127.550		652.083 
-28.937		56.991		8.276		144.525		745.867 
-29.962		56.928		11.015		161.491		597.844 
-30.941		56.936		11.122		162.472		502.696 
-31.937		56.928		12.565		147.398		401.854 
-32.947		56.971		12.634		148.419		405.581 
-33.916		56.954		11.520		165.549		251.991 
-36.927		56.930		17.230		130.126		539.352 
-37.971		56.905		23.866		129.080		529.929 
-39.915		56.972		19.961		125.290		559.893 
39.929		57.927		23.888		48.899		420.871 
35.914		57.977		28.880		21.953		116.019 
34.913		57.947		25.656		29.476		308.905 
33.927		57.969		18.860		40.171		325.462 
31.950		57.920		25.159		32.497		337.868 
-25.974		57.942		6.808		166.735		621.576 
-26.954		57.938		10.160		177.377		687.179 
-27.945		57.983		10.595		127.815		717.431 
-28.953		57.949		10.586		128.441		460.487 
-29.974		57.963		8.305		145.496		544.778 
-30.953		57.983		12.511		146.435		425.855 
-31.950		57.920		12.573		147.387		333.506 
-32.959		57.974		10.579		131.301		431.134 
-33.927		57.969		13.312		121.205		258.393 
-34.913		57.947		19.942		121.873		253.819 
-35.914		57.977		10.617		133.784		398.654 
-36.939		57.916		17.197		130.341		491.230 
39.941		58.944		23.871		48.712		344.778 
38.923		58.944		21.428		43.101		367.431 
37.928		58.925		92.002		186.922		373.758 
36.950		58.960		38.302		36.951		340.160 
35.929		58.935		25.922		28.527		139.214 
34.926		58.961		25.298		43.916		260.032 
30.969		58.948		19.478		71.159		783.731 
29.933		58.939		19.967		60.621		684.987 
26.971		58.927		14.213		120.722		711.019 
-2.021		58.977		4.349		130.649		567.227 
-26.971		58.927		8.224		142.984		675.067 
-28.968		58.958		9.780		108.250		559.407 
-31.963		58.963		50.791		57.337		454.432 
-32.974		58.963		11.411		163.849		675.000 
-35.929		58.935		23.152		96.372		395.944 
-36.950		58.960		16.168		115.966		547.119 
-37.928		58.925		17.201		131.395		443.565 
-38.923		58.944		22.468		107.872		740.377 
-39.941		58.944		21.527		137.960		704.036 
38.939		59.932		21.445		43.015		456.922 
34.941		59.962		25.295		43.804		379.598 
32.929		59.961		9.059		297.135		485.977 
29.949		59.944		24.807		358.611		770.795 
-27.923		59.983		6.640		118.639		606.020 
-30.925		59.986		6.614		120.033		685.135 
-32.929		59.961		6.603		121.092		293.979 
-33.957		59.957		10.557		132.425		358.996 
-35.943		59.949		13.187		122.992		497.352 
-36.966		59.919		13.189		123.682		679.625 
-37.940		59.969		17.189		131.567		475.636 
-38.939		59.932		17.236		132.465		640.807 
39.973		60.937		19.797		53.749		363.750 
37.959		60.929		17.709		26.838		540.575 
26.953		60.942		11.940		150.098		623.650 
-3.989		60.957		4.438		229.859		250.566 
-34.957		60.949		18.796		75.250		512.019 
-36.916		60.962		19.032		111.429		577.882 
-37.959		60.929		13.276		153.120		530.508 
-38.953		60.978		13.178		125.375		777.509 
-39.973		60.937		19.797		126.251		754.015 
30.962		61.980		22.122		73.581		708.333 
29.929		61.935		30.033		56.399		674.818 
28.965		61.984		25.524		68.159		284.091 
27.962		61.974		8.346		116.396		625.173 
-4.029		61.958		8.803		229.524		522.222 
-31.955		61.967		11.767		69.417		563.923 
-32.965		61.939		11.864		69.144		623.290 
38.923		62.989		10.760		43.030		552.439 
36.954		62.955		19.266		37.311		431.575 
32.924		62.963		9.435		69.598		535.125 
30.924		62.977		23.438		54.745		335.572 
28.931		62.957		25.367		67.940		297.478 
4.988		62.960		4.389		310.702		626.033 
0.000		62.970		4.262		131.505		430.100 
-11.964		62.991		4.080		314.891		413.918 
-13.962		62.964		9.388		229.876		555.656 
-14.970		62.989		7.256		213.659		642.708 
-15.987		62.950		9.135		188.206		670.089 
35.954		63.972		18.729		68.184		382.085 
31.938		63.956		26.036		58.409		291.543 
30.947		63.945		23.391		54.570		457.568 
29.970		63.983		28.160		70.113		640.678 
27.951		63.934		28.212		70.656		363.381 
26.962		63.952		71.360		202.447		361.756 
3.013		63.957		4.177		227.604		539.909 
-3.013		63.957		5.658		181.527		419.822 
-4.020		63.978		6.600		210.595		602.450 
-13.993		63.969		7.379		245.390		618.546 
-14.953		63.951		7.205		213.206		616.590 
-15.968		63.972		6.074		187.783		713.127 
-28.953		63.964		10.859		48.258		625.708 
-29.970		63.983		28.253		39.684		676.316 
-30.947		63.945		3.720		14.007		634.330 
-32.945		63.954		37.568		44.363		602.474 
37.974		64.956		17.223		47.911		332.839 
36.935		64.927		26.151		55.269		414.721 
35.914		64.949		27.711		47.890		323.122 
33.933		64.952		25.053		65.693		322.781 
32.969		64.935		27.972		68.979		449.001 
31.959		64.986		27.974		69.299		436.868 
30.969		64.963		22.213		63.308		690.972 
29.937		64.945		54.957		17.280		466.184 
28.920		64.975		27.790		77.525		302.822 
27.973		64.978		25.095		67.788		382.020 
26.932		64.941		24.749		76.022		721.402 
0.000		64.961		4.207		227.939		189.098 
-1.003		64.957		2.819		180.487		490.220 
-11.984		64.977		11.374		218.868		455.491 
-15.998		64.976		6.062		187.408		478.452 
-27.973		64.978		42.779		42.473		636.649 
-30.969		64.963		25.133		42.702		724.367 
-31.959		64.986		13.766		55.922		697.535 
37.933		65.953		22.268		59.617		392.620 
36.958		65.952		25.001		64.114		359.987 
35.939		65.959		27.886		84.451		483.479 
32.931		65.985		24.954		65.885		435.735 
31.926		65.961		21.524		72.456		631.766 
28.945		65.960		24.550		75.503		576.899 
27.943		65.967		24.558		75.669		610.532 
2.003		66.000		5.636		359.081		170.070 
-10.002		65.974		8.680		4.420		377.809 
-11.971		65.956		18.195		215.965		185.578 
-12.963		65.961		11.388		218.580		321.921 
-13.962		65.957		11.489		218.673		621.448 
-16.953		65.952		6.429		158.800		494.193 
-29.962		65.942		23.929		52.130		734.871 
36.919		66.987		24.940		63.932		351.606 
35.965		66.959		24.394		73.753		325.880 
32.958		66.946		18.490		68.635		501.404 
31.951		66.971		9.246		69.030		456.809 
30.961		66.984		15.638		64.841		505.078 
28.971		66.936		18.492		69.842		564.085 
0.000		66.959		6.400		151.482		190.246 
-1.000		66.956		6.379		151.804		715.385 
-3.003		66.975		9.069		201.015		282.980 
-4.006		66.999		6.516		209.704		241.019 
-5.012		66.965		4.257		228.054		656.714 
-9.992		66.986		8.070		314.935		211.723 
-12.005		66.972		12.405		199.335		157.615 
-12.997		66.981		13.460		228.413		205.921 
-13.995		66.982		17.829		185.893		492.898 
-15.000		66.974		10.063		251.899		667.337 
-29.930		66.943		23.632		51.743		684.579 
38.917		67.977		30.624		84.728		453.794 
36.949		67.928		21.348		70.530		349.571 
35.929		67.968		24.351		83.059		279.678 
30.930		67.987		27.229		76.645		566.304 
0.000		67.993		6.673		114.891		259.326 
-0.999		67.989		2.810		180.410		443.607 
-3.000		67.961		4.086		133.381		313.647 
-5.007		67.954		9.127		201.423		694.722 
-9.007		67.954		10.420		302.827		219.945 
-11.993		67.982		9.550		203.253		167.094 
-12.983		67.996		22.828		153.172		196.896 
-14.985		67.949		12.908		255.812		666.667 
-27.942		67.959		23.096		62.138		600.976 
-29.957		67.978		23.354		51.336		521.857 
39.965		68.961		21.189		81.007		511.787 
35.959		68.951		24.189		82.875		455.867 
32.954		68.979		19.743		102.669		573.881 
31.948		68.977		27.163		84.134		471.958 
30.959		68.967		27.084		76.463		503.345 
-2.997		68.987		6.690		244.977		503.299 
-5.002		68.982		4.201		227.503		437.190 
-9.972		68.981		4.010		315.248		559.898 
39.930		69.950		18.042		78.851		509.763 
36.947		69.931		12.059		72.965		430.146 
34.929		69.942		28.789		99.513		487.188 
-0.997		69.979		6.596		64.790		619.266 
-1.995		69.970		6.544		115.296		483.812 
-4.997		69.953		4.177		227.256		652.374 
-11.971		69.976		6.869		244.366		393.185 
39.965		70.978		20.965		80.586		362.814 
1.042		70.986		4.086		313.357		593.963 
-1.042		70.986		4.057		313.631		602.174 
-1.994		70.978		6.503		115.449		477.632 
-3.991		70.991		4.025		134.141		416.824 
-4.993		70.965		2.820		181.661		361.258 
-28.921		70.960		25.212		64.378		761.789 
0.000		71.988		6.509		244.528		592.736 
-4.989		71.968		2.818		181.547		512.531 
33.930		72.942		33.907		110.764		721.447 
-4.031		72.986		2.809		1.147		273.077 
-6.993		72.999		6.476		208.735		248.260 
-28.933		72.947		22.964		71.306		788.525 
6.988		73.993		6.351		63.815		693.968 
-1.040		73.962		6.413		295.807		626.479 
-2.035		73.955		2.798		0.533		605.368 
-4.028		73.974		4.073		46.304		483.176 
-6.988		73.993		8.250		226.420		694.260 
-9.008		73.965		2.855		182.375		690.597 
-28.968		73.982		15.892		28.705		802.294 
2.033		74.982		8.064		313.989		531.481 
1.039		74.988		6.408		295.892		210.424 
-1.039		74.988		6.382		295.927		681.040 
-7.991		74.996		4.122		226.213		453.315 
10.013		75.957		17.560		348.378		474.346 
-1.038		75.962		3.988		314.406		639.399 
-10.013		75.957		6.525		243.650		453.591 
1.038		76.977		2.791		359.789		365.753 
-2.031		76.972		2.793		180.410		349.576 
-10.007		76.990		6.487		243.532		396.170 
-12.991		76.964		3.975		316.628		569.489 
-13.982		76.964		4.210		225.495		553.221 
-10.002		77.972		5.721		181.776		246.285 
-10.975		77.986		5.751		181.941		613.314 
-13.975		77.963		6.389		156.020		605.319 
-14.973		77.965		6.559		242.871		631.831 
-15.978		77.964		10.146		125.436		607.514 
-33.952		77.946		17.399		308.984		766.532 
-34.931		77.944		17.506		309.521		830.214 
8.984		78.976		14.588		347.405		658.333 
2.029		78.989		12.543		332.919		595.082 
-4.017		78.973		6.238		153.729		565.978 
-6.013		78.991		4.024		225.517		505.819 
-9.998		78.996		4.085		225.376		509.684 
-10.971		78.968		2.873		181.710		623.538 
-26.970		78.945		7.082		340.106		730.682 
-33.937		78.969		19.814		317.915		583.994 
-34.915		78.982		21.993		312.681		700.395 
8.981		79.993		10.111		32.652		617.139 
-9.994		79.970		5.715		181.354		273.287 
-10.966		79.992		5.745		181.477		520.330 
-33.924		79.989		24.406		318.948		794.071 
-35.962		79.974		16.108		14.742		548.778 
-36.915		79.940		7.952		4.508		731.250 
4.014		80.980		8.873		341.101		240.909 
-7.010		80.992		3.947		135.470		589.072 
-9.991		80.987		6.309		154.683		221.167 
-11.987		80.989		2.888		181.360		393.991 
-34.953		80.983		20.339		338.426		442.336 
-35.950		80.962		16.045		14.096		408.098 
-37.941		80.973		4.059		3.880		802.198 
-39.950		80.976		21.587		11.768		993.108 
5.009		81.971		16.410		328.734		513.104 
2.027		81.989		7.915		314.817		227.896 
-8.013		81.985		3.952		315.594		275.600 
-9.988		81.956		6.315		154.572		504.607 
-11.006		81.984		6.251		117.178		704.276 
-24.968		81.998		20.305		80.485		502.258 
-34.944		81.954		20.419		337.933		497.917 
-36.957		81.995		15.176		37.944		407.879 
-37.931		81.987		20.607		11.233		695.640 
-38.924		81.976		20.645		3.227		842.171 
-39.940		81.962		21.114		3.301		766.949 
5.008		82.970		14.048		322.993		489.321 
-2.027		82.983		41.555		222.404		566.763 
-3.019		82.980		2.791		180.222		608.140 
-5.008		82.970		7.884		315.228		328.491 
-6.006		82.963		12.467		296.705		148.420 
-24.963		82.961		17.444		79.026		389.009 
-33.958		82.970		15.095		351.288		705.263 
-34.936		82.979		25.051		334.953		491.105 
-35.933		82.987		24.407		341.605		352.076 
-36.950		82.992		19.790		2.402		347.096 
-37.922		82.999		20.542		10.539		425.739 
-38.916		82.944		24.730		2.533		894.762 
-39.931		82.946		21.091		2.584		631.599 
5.007		83.967		7.929		315.008		191.139 
-2.026		83.977		23.625		135.044		627.607 
-5.007		83.967		6.245		333.727		365.021 
-8.010		83.994		3.958		135.548		420.000 
-8.972		83.987		3.965		135.674		556.109 
-26.934		83.975		6.513		300.603		747.514 
-34.931		83.946		24.090		340.695		884.014 
-35.927		83.967		24.500		341.050		388.811 
-36.944		83.987		16.192		11.983		312.500 
-37.917		83.950		9.444		115.080		374.727 
-38.910		83.970		17.686		20.913		542.726 
-39.925		83.989		18.046		20.575		658.232 
-2.026		84.968		3.937		135.040		456.191 
-6.004		84.959		3.964		44.872		524.105 
-11.001		84.982		3.991		135.904		501.807 
-37.912		84.959		11.978		47.423		334.793 
-38.972		84.993		17.615		20.256		410.317 
-39.920		84.969		17.954		19.952		473.265 
-5.006		85.957		10.056		123.853		700.311 
-11.000		85.994		3.999		135.815		699.394 
-38.970		85.958		13.712		25.347		462.481 
-39.918		85.949		17.866		19.331		414.204 
11.977		87.008		12.067		44.137		438.390 
7.004		87.045		6.242		296.824		278.680 
-6.004		87.044		11.878		135.203		494.303 
-8.008		87.001		11.315		179.916		195.663 
-9.983		87.004		6.275		117.069		436.694 
-11.000		87.006		8.017		135.720		482.613 
-11.977		87.008		2.884		179.875		541.400 
-38.970		87.042		16.734		9.568		437.069 
-39.918		87.051		9.632		64.156		401.806 
22.980		88.038		11.785		74.190		767.476 
13.996		88.039		12.201		43.955		702.632 
8.009		88.003		6.295		333.943		509.951 
7.005		88.044		3.956		315.393		175.915 
5.006		88.037		6.245		243.338		666.429 
-8.009		88.003		6.269		116.864		260.629 
-11.978		88.025		6.312		117.261		478.612 
-38.972		88.007		23.406		28.562		689.310 
-39.920		88.031		18.781		26.474		532.769 
22.982		89.031		14.569		77.146		561.525 
13.997		89.020		12.242		44.104		262.335 
11.979		89.042		10.370		33.298		638.391 
9.984		89.022		8.563		0.521		333.732 
8.972		89.013		5.681		0.467		338.191 
8.010		89.006		5.658		0.416		331.785 
7.005		89.044		6.271		333.940		320.533 
6.005		89.038		3.947		315.326		492.068 
0.000		89.022		6.231		243.465		660.383 
-8.972		89.013		4.003		135.270		346.849 
-9.984		89.022		8.032		135.371		546.583 
24.963		90.039		7.194		204.958		649.389 
23.969		90.006		14.649		76.972		607.754 
22.935		90.024		17.395		79.136		554.814 
21.964		90.045		20.155		80.696		735.246 
9.986		90.032		9.050		18.749		703.942 
3.019		90.020		3.956		225.113		249.502 
-6.006		90.037		3.945		44.667		355.505 
-7.007		90.045		2.818		359.489		279.852 
-8.011		90.009		2.829		179.418		220.099 
-8.973		90.020		6.310		116.863		269.514 
-9.986		90.032		4.027		135.240		720.032 
-11.004		90.046		8.925		108.890		633.625 
-31.935		90.047		3.613		357.837		765.310 
24.968		91.002		21.251		71.667		614.645 
21.969		91.032		17.427		79.214		654.021 
6.007		91.038		7.889		315.351		545.084 
3.019		91.015		3.963		225.188		199.446 
2.027		91.011		6.260		243.530		543.902 
-3.019		91.015		6.230		26.408		468.224 
-7.008		91.003		4.000		134.906		315.207 
-8.975		91.029		8.925		108.703		400.631 
-9.988		91.044		8.939		108.781		553.125 
-30.956		91.032		4.443		37.446		869.350 
-31.942		91.033		4.488		36.968		663.143 
25.930		92.019		14.847		76.603		791.375 
17.992		92.004		27.701		39.802		706.026 
16.971		92.016		13.003		62.252		568.026 
4.014		92.020		6.291		243.543		157.585 
-6.009		92.040		4.000		134.745		444.435 
-9.991		92.013		6.249		62.999		615.534 
-11.987		92.011		9.002		108.929		525.429 
-12.970		92.036		6.417		117.151		586.337 
-29.938		92.048		7.001		356.794		828.328 
-31.950		92.020		4.466		36.678		516.525 
30.917		93.036		14.060		58.828		404.825 
25.938		93.048		35.074		67.128		553.380 
23.936		93.025		32.518		77.922		534.361 
-1.036		93.004		2.787		359.863		625.292 
-7.012		93.016		10.258		145.742		676.772 
30.928		94.017		18.818		54.523		301.757 
7.975		94.000		6.259		296.717		644.595 
7.015		94.027		8.874		288.384		372.619 
6.013		94.009		8.877		288.340		664.536 
0.000		94.005		6.296		116.283		515.667 
30.942		95.057		21.462		59.109		316.764 
24.951		95.032		23.587		81.233		513.582 
23.955		95.004		42.306		75.932		674.933 
20.937		95.036		22.789		65.147		568.080 
17.964		95.047		12.018		74.907		602.358 
8.988		95.045		6.280		334.736		427.732 
7.978		95.018		6.271		296.650		700.000 
7.018		95.042		7.905		315.405		597.463 
6.015		95.021		12.552		296.490		210.725 
4.019		95.036		6.286		296.348		375.931 
3.024		95.025		6.291		296.299		274.433 
0.000		95.011		10.163		236.716		688.158 
-1.037		95.013		14.421		258.872		201.639 
-6.015		95.021		4.039		134.330		589.842 
-31.928		95.052		9.826		112.620		567.396 
27.922		96.037		9.017		111.145		610.847 
20.947		96.032		25.614		67.866		616.580 
12.006		96.040		5.790		2.380		196.804 
10.981		96.046		2.877		2.178		681.015 
10.007		96.010		8.588		1.990		715.054 
8.992		96.023		14.435		281.125		159.589 
7.021		96.014		10.113		303.759		662.332 
6.018		96.038		12.585		296.409		405.940 
4.021		96.003		6.304		296.268		533.753 
3.025		96.037		7.931		314.757		367.685 
2.031		96.028		10.090		326.086		354.408 
1.038		96.023		3.995		45.647		429.592 
-5.018		96.019		15.194		248.449		395.384 
-32.946		96.009		7.317		121.366		488.662 
-33.968		96.026		7.380		121.742		415.080 
26.955		97.046		76.424		181.154		642.500 
25.932		97.041		41.361		250.668		535.665 
20.958		97.032		28.529		70.051		584.167 
19.957		97.050		18.939		70.254		506.489 
18.964		97.023		17.860		79.456		474.234 
17.982		97.049		14.986		77.700		490.157 
12.998		97.035		13.300		28.420		290.000 
11.966		97.033		10.669		35.156		248.790 
10.987		97.036		9.236		20.503		744.393 
10.013		97.043		8.939		343.520		633.228 
8.997		97.006		10.104		327.462		464.286 
6.979		97.037		11.882		315.294		372.630 
6.021		97.013		6.312		296.311		352.722 
4.023		97.021		6.325		296.174		288.018 
3.027		97.007		3.974		314.656		393.638 
2.032		97.044		7.960		314.533		308.678 
-5.021		97.038		12.635		243.755		162.907 
-31.960		97.060		9.981		137.750		712.172 
-34.965		97.030		7.517		121.927		564.140 
31.920		98.007		40.271		78.095		345.430 
30.933		98.032		17.337		64.401		346.150 
22.957		98.026		15.282		77.035		776.774 
20.971		98.037		23.306		65.471		538.976 
19.968		98.048		23.786		81.719		641.636 
18.975		98.013		19.008		70.486		634.175 
11.973		98.032		10.718		35.436		526.750 
10.993		98.031		4.185		46.158		703.947 
6.984		98.019		14.068		306.842		521.867 
5.024		98.016		6.341		296.136		264.518 
4.025		98.044		11.932		314.701		211.942 
3.028		98.029		10.213		303.141		199.342 
1.039		98.012		10.250		303.000		353.107 
-2.033		98.018		12.734		244.019		255.408 
-4.025		98.044		77.564		130.861		513.534 
-5.024		98.016		3.973		225.151		326.756 
-6.025		98.040		6.256		205.908		402.109 
-7.991		98.004		3.965		224.593		680.678 
-33.945		98.031		13.018		108.236		536.364 
30.953		99.037		24.616		80.175		518.777 
21.947		99.046		32.821		83.461		392.571 
19.981		99.051		23.954		81.702		417.284 
12.967		99.046		8.519		46.316		623.982 
11.000		99.032		5.769		2.894		748.939 
4.028		99.026		10.233		303.110		253.467 
3.030		99.009		9.073		287.871		192.794 
2.035		99.045		11.869		283.559		193.632 
0.000		99.035		6.423		244.205		213.786 
-2.035		99.045		4.004		45.741		247.038 
-3.030		99.009		3.994		225.581		565.582 
-34.946		99.014		12.845		128.178		554.025 
-35.944		99.018		15.506		121.918		789.735 
-36.962		99.030		13.360		109.127		698.443 
12.976		100.014		12.863		46.574		741.846 
11.989		100.048		12.178		17.286		657.709 
11.008		100.040		8.664		3.146		290.356 
9.986		100.033		6.292		335.260		390.726 
9.015		100.035		2.857		2.575		715.614 
8.002		100.039		6.273		334.626		436.851 
6.993		100.001		10.111		326.852		687.500 
4.985		100.035		9.101		287.810		446.040 
3.033		100.043		8.853		341.691		179.367 
1.040		100.023		6.442		295.697		232.731 
0.000		100.020		9.165		252.232		206.199 
-4.031		100.014		6.406		244.163		607.786 
-6.993		100.001		6.267		205.679		658.429 
18.965		101.016		18.060		46.391		727.174 
12.986		101.037		15.231		39.342		626.389 
11.998		101.018		12.211		17.599		558.714 
10.969		101.002		9.342		21.679		397.508 
9.993		101.043		6.293		335.292		256.966 
8.975		101.039		6.283		334.942		379.984 
8.008		101.042		6.276		334.621		699.725 
5.992		101.014		10.279		303.069		385.133 
4.989		101.032		9.153		287.703		256.256 
3.988		101.007		8.021		314.305		317.020 
3.035		101.037		8.038		314.136		299.568 
2.037		101.023		4.029		313.971		328.553 
1.041		101.015		6.478		295.562		392.454 
0.000		101.012		6.318		207.619		154.625 
-1.041		101.015		12.115		226.155		232.917 
-4.989		101.032		8.007		225.511		362.867 
21.945		102.034		33.607		83.372		397.373 
20.980		102.014		24.584		81.558		426.282 
13.991		102.047		20.568		30.187		724.528 
12.996		102.018		16.284		25.583		654.595 
10.001		102.012		8.633		3.307		521.053 
7.004		102.009		14.243		306.346		531.915 
5.997		102.019		8.017		314.555		617.297 
4.993		102.035		10.345		302.787		226.935 
3.991		102.009		11.251		181.291		217.893 
1.042		102.014		12.164		313.664		321.831 
0.000		102.011		6.534		244.613		202.338 
-1.042		102.014		8.890		199.028		227.077 
-3.991		102.009		2.813		358.687		264.420 
-7.004		102.009		36.500		201.450		373.837 
21.963		103.030		10.049		70.470		668.564 
20.948		103.047		21.815		80.568		654.255 
12.959		103.003		17.892		34.539		400.235 
11.971		103.024		12.280		18.261		600.000 
10.987		103.003		7.992		315.719		197.849 
10.010		103.037		6.299		335.325		471.887 
7.975		103.021		8.016		314.878		430.218 
4.997		103.047		6.500		295.471		693.296 
3.995		103.019		12.115		313.991		182.092 
2.994		103.045		9.303		287.433		337.554 
0.000		103.017		20.993		262.327		277.739 
-0.997		103.021		10.506		237.783		188.830 
-2.994		103.045		4.051		226.224		389.390 
13.968		104.039		15.699		78.393		666.463 
12.972		104.049		20.606		30.831		430.926 
11.982		104.017		19.039		22.909		531.093 
9.972		104.019		8.944		344.149		450.088 
3.998		104.037		6.556		295.241		626.240 
2.997		104.013		6.571		295.184		477.065 
0.998		104.036		4.094		313.235		466.667 
-1.997		104.046		13.173		244.860		363.418 
-2.997		104.013		4.159		312.701		217.986 
-6.007		104.005		13.045		244.587		381.648 
-7.016		104.049		14.137		216.879		694.415 
-38.949		104.062		20.424		104.456		594.404 
21.953		105.039		32.518		77.343		525.101 
12.983		105.004		21.148		13.418		677.844 
11.993		105.018		18.093		14.437		488.798 
11.008		105.038		11.621		4.406		260.073 
9.982		105.012		5.774		3.983		290.814 
9.007		105.046		6.302		334.880		486.321 
6.013		105.036		6.568		295.222		470.825 
3.000		105.039		6.618		295.007		299.485 
1.999		105.021		6.635		294.959		263.632 
0.999		105.011		12.403		283.037		627.174 
-1.999		105.021		9.463		252.827		354.102 
-6.013		105.036		8.897		197.466		435.846 
-7.023		105.033		10.195		213.603		391.860 
-37.923		105.042		12.167		73.288		966.135 
21.974		106.007		28.725		82.183		662.187 
13.995		106.018		15.883		41.139		495.525 
12.997		106.019		19.362		23.898		495.588 
12.005		106.028		14.642		5.082		396.381 
10.972		106.040		11.634		4.653		251.763 
9.992		106.014		5.782		4.223		309.108 
9.016		106.045		4.041		314.676		530.022 
6.984		106.024		10.516		302.352		388.035 
6.019		106.027		9.467		287.085		393.229 
5.012		106.035		72.970		271.983		542.234 
2.001		106.006		6.685		294.779		545.291 
-1.000		106.044		10.458		323.831		197.657 
-2.001		106.006		19.071		252.949		100.000 
-3.003		106.025		10.640		238.191		162.208 
-5.012		106.035		6.321		206.774		409.559 
-6.019		106.027		8.135		226.132		420.021 
-7.998		106.030		4.332		131.720		685.777 
-38.957		106.081		54.659		299.354		526.587 
11.971		107.044		12.447		19.705		349.798 
10.984		107.005		5.824		4.892		266.280 
10.002		107.026		4.047		314.809		486.081 
8.006		107.036		4.065		314.192		308.745 
3.006		107.020		16.283		290.091		245.364 
2.003		107.000		10.750		301.488		705.723 
-1.001		107.039		2.816		359.560		618.830 
-2.003		107.000		15.475		335.647		100.000 
-3.006		107.020		6.360		207.672		141.564 
-4.011		107.048		5.656		178.177		439.450 
13.977		108.032		16.917		28.165		567.114 
12.977		108.023		12.603		20.401		575.772 
11.984		108.023		9.676		24.417		456.203 
10.996		108.032		6.332		335.696		544.528 
6.999		108.039		12.631		282.603		330.259 
5.986		108.036		15.704		280.052		366.865 
4.015		108.004		13.503		294.515		652.016 
3.009		108.026		10.793		301.360		349.413 
1.003		108.043		12.763		282.694		341.789 
0.000		108.039		4.204		227.917		493.255 
-1.003		108.043		2.819		359.535		673.822 
-2.005		108.005		5.642		359.072		687.130 
-5.986		108.036		4.108		46.616		473.950 
-38.971		108.072		12.356		73.681		638.737 
-39.918		108.021		18.654		80.328		402.407 
13.993		109.031		11.946		6.890		512.933 
11.997		109.013		5.882		5.918		630.000 
8.999		109.049		8.179		314.094		352.913 
7.978		109.024		13.463		294.656		107.382 
5.993		109.006		16.451		289.845		349.819 
5.028		109.011		9.747		286.594		577.362 
3.013		109.043		17.677		298.473		169.777 
-1.004		109.007		12.946		282.652		503.916 
-5.028		109.011		6.800		65.673		620.745 
12.960		110.018		7.113		33.273		647.737 
10.974		110.010		8.780		5.716		729.639 
9.010		110.039		8.217		313.872		300.172 
7.987		110.011		13.576		294.440		160.408 
6.000		110.039		12.914		282.332		479.554 
2.010		110.048		9.926		286.408		139.125 
0.000		110.030		13.066		257.519		521.333 
-2.010		110.048		2.828		358.956		367.327 
10.988		111.018		8.796		6.008		643.878 
10.002		111.025		11.756		349.588		729.937 
7.997		111.009		14.411		322.278		148.003 
6.008		111.033		22.774		318.302		256.329 
4.029		111.042		8.418		312.127		419.322 
3.020		111.008		8.454		311.882		132.962 
-6.978		111.041		26.039		257.793		362.115 
12.993		112.012		9.507		50.643		560.167 
8.986		112.051		19.105		334.399		192.165 
8.008		112.020		6.919		293.948		239.011 
6.016		112.039		4.201		312.378		635.694 
5.001		112.036		6.415		332.257		202.803 
3.024		112.009		7.043		293.535		269.806 
1.007		112.021		7.099		293.435		348.514 
0.000		112.016		11.325		240.001		341.926 
-1.007		112.021		10.242		286.125		435.466 
-3.024		112.009		5.679		358.283		390.521 
-8.008		112.020		10.939		238.888		675.718 
16.978		113.026		10.459		208.156		727.723 
12.963		113.050		7.273		34.695		738.636 
10.970		113.016		8.829		6.578		391.530 
9.982		113.015		8.773		6.003		522.090 
8.998		113.025		9.664		25.452		236.555 
8.019		113.045		14.531		321.809		100.000 
3.028		113.023		6.479		331.076		230.753 
2.018		113.050		7.154		293.217		245.788 
0.000		113.028		4.364		229.481		518.085 
-1.009		113.034		7.243		293.126		326.185 
-6.023		113.005		4.537		309.532		617.321 
9.995		114.005		4.186		313.168		481.553 
7.006		114.053		11.538		4.468		249.427 
5.986		114.035		7.120		293.234		119.018 
3.033		114.051		6.504		330.811		508.602 
2.021		114.023		4.349		310.649		588.808 
1.010		114.006		7.264		292.933		607.895 
0.000		114.000		8.796		229.797		651.693 
-1.010		114.006		6.635		328.948		240.774 
-2.021		114.023		23.730		277.031		603.342 
-5.015		114.030		70.281		71.464		524.238 
-7.983		114.025		7.066		246.568		496.792 
0.000		115.041		8.880		230.179		630.499 
-2.024		115.010		6.718		148.098		561.919 
-5.994		115.028		10.419		254.520		293.887 
-7.994		115.023		8.497		227.870		526.329 
-8.976		115.007		4.231		227.525		568.529 
-32.959		115.026		9.369		116.527		546.600 
13.980		116.032		12.463		42.859		611.260 
6.980		116.056		10.533		285.276		444.766 
-2.995		116.041		15.184		292.321		580.218 
-4.011		116.027		7.637		292.315		178.261 
-14.996		116.038		24.288		249.507		725.524 
-32.947		116.029		12.760		128.864		676.180 
14.001		117.028		15.240		37.063		643.511 
6.990		117.024		10.639		323.820		423.750 
-3.000		117.002		5.720		357.878		308.933 
-4.017		117.047		14.567		101.704		196.299 
-6.990		117.024		10.676		254.936		182.655 
-8.018		117.007		11.478		240.411		561.875 
-9.004		117.055		10.616		254.903		696.402 
-10.986		117.017		4.253		227.369		543.606 
-14.001		117.028		13.884		258.823		486.862 
-16.978		117.024		16.633		224.299		384.643 
-17.968		117.007		10.402		209.083		610.504 
-19.977		117.014		32.036		153.800		605.263 
-21.976		117.068		3.339		345.146		706.684 
-24.973		117.052		3.497		163.389		709.287 
-26.977		117.037		9.144		140.561		661.735 
-33.966		117.036		83.417		127.101		753.347 
7.001		118.009		13.112		310.744		555.457 
-2.033		118.005		6.833		326.977		548.668 
-4.024		118.026		71.956		69.363		411.704 
-6.022		118.041		4.400		229.655		264.321 
-7.001		118.009		7.445		247.801		427.108 
-10.009		118.053		14.214		259.031		617.147 
-14.993		118.047		5.214		306.636		342.394 
-18.948		118.034		10.429		208.407		343.493 
-19.959		118.052		13.061		197.954		641.102 
-20.978		118.023		15.896		177.709		712.834 
-21.957		118.058		5.638		306.650		554.634 
-37.951		118.068		31.931		109.213		511.868 
-3.009		119.030		2.870		357.666		383.264 
-4.030		119.021		4.502		50.738		266.440 
-7.012		119.009		7.548		248.110		572.428 
-7.997		119.051		14.504		259.188		675.194 
-8.985		119.047		10.931		255.368		234.581 
-12.983		119.052		30.167		241.638		167.285 
-16.982		119.028		10.669		254.954		289.154 
-18.978		119.032		9.392		187.983		545.592 
-19.991		119.059		9.849		165.150		404.554 
-20.960		119.022		12.694		180.627		490.585 
-21.941		119.065		16.889		163.843		585.590 
-28.959		119.063		9.661		114.250		572.708 
-29.927		119.070		57.619		283.425		522.876 
25.957		120.072		53.582		101.556		586.469 
5.995		120.052		19.684		295.564		645.185 
5.015		120.036		18.928		287.259		575.355 
3.014		120.041		14.933		280.803		497.586 
-2.040		120.006		4.755		307.291		622.046 
-3.014		120.041		6.693		31.178		371.368 
-8.999		120.011		11.096		255.601		622.500 
-13.971		120.035		23.140		278.753		109.802 
-16.960		120.018		15.497		235.277		100.000 
-18.959		120.035		10.467		208.619		263.837 
-19.973		120.068		12.587		181.099		607.756 
-21.976		120.041		15.238		149.692		486.170 
-22.967		120.044		15.488		149.307		688.343 
-27.938		120.062		4.150		36.954		538.663 
-38.934		120.021		11.097		116.608		576.977 
7.977		121.046		13.410		309.888		513.855 
6.005		121.026		19.955		295.213		204.167 
3.997		121.061		19.233		261.009		219.598 
1.997		121.033		15.236		280.675		181.693 
-1.997		121.033		6.976		325.647		567.781 
-6.989		121.060		15.689		281.330		374.890 
-10.010		121.010		8.828		229.270		591.620 
-11.967		121.020		19.049		298.984		677.349 
-12.978		121.021		19.221		298.987		376.804 
-14.970		121.061		13.346		314.236		100.000 
-15.951		121.035		15.640		15.183		100.000 
-20.977		121.023		16.821		163.256		703.834 
-22.952		121.027		14.949		133.113		432.162 
-28.940		121.055		10.637		74.052		485.699 
-32.964		121.030		27.958		126.068		746.123 
7.990		122.044		15.327		318.805		436.819 
7.001		122.054		13.224		330.913		187.046 
6.015		122.018		12.368		297.359		124.123 
4.004		122.049		16.768		249.482		165.006 
-7.001		122.054		18.575		298.680		498.375 
-7.990		122.044		7.860		249.011		173.113 
-9.979		122.006		12.073		241.837		273.210 
-10.982		122.042		13.970		296.114		696.000 
-11.988		122.031		18.304		325.383		652.641 
-13.000		122.037		16.548		335.763		567.885 
-13.970		122.049		18.359		12.394		100.000 
-17.965		122.013		9.353		188.296		250.401 
-18.973		122.044		10.514		208.899		470.737 
-19.988		122.026		10.513		207.948		521.540 
-20.961		122.009		12.753		179.423		667.737 
-32.961		122.063		21.357		125.466		490.730 
25.979		123.040		29.471		107.004		591.753 
8.005		123.060		13.224		331.346		456.675 
6.026		123.029		11.921		346.484		138.387 
3.030		123.065		12.250		256.069		446.619 
-8.999		123.068		12.592		284.383		387.518 
-11.001		123.070		10.786		304.412		319.009 
-12.010		123.063		13.223		313.678		472.700 
-12.975		123.064		16.658		335.180		316.743 
-13.994		123.026		9.300		347.629		100.000 
-15.957		123.045		5.708		124.044		234.791 
-16.949		123.046		9.308		189.140		123.307 
-17.949		123.066		6.517		199.769		144.454 
-18.955		123.036		10.540		209.089		202.978 
-19.972		123.025		8.523		224.340		440.280 
-20.947		123.015		9.573		185.003		436.088 
-23.932		123.026		18.967		124.072		658.456 
-31.942		123.071		17.899		118.011		547.805 
31.938		124.055		11.058		127.533		844.355 
27.961		124.033		8.386		142.199		608.730 
26.961		124.061		25.982		109.973		538.850 
6.979		124.033		13.354		330.209		473.420 
4.018		124.021		10.218		235.059		192.725 
3.035		124.028		17.279		250.144		182.512 
2.007		124.049		12.431		256.361		660.331 
-6.979		124.033		8.168		249.799		274.202 
-10.973		124.044		9.118		290.124		558.479 
-11.983		124.041		5.543		303.791		253.600 
-13.970		124.011		9.206		12.253		267.300 
-15.000		124.062		5.747		123.539		104.204 
-15.986		124.053		8.463		138.052		166.519 
-16.979		124.061		15.440		178.922		187.653 
-17.979		124.019		9.372		187.897		271.884 
-18.990		124.065		6.638		162.877		184.805 
-19.957		124.043		8.582		224.739		708.359 
-20.986		124.059		6.586		196.532		537.500 
-23.974		124.027		16.542		116.243		545.293 
-31.938		124.055		19.165		104.964		659.970 
31.936		125.058		11.144		127.101		922.377 
30.931		125.013		11.191		126.311		647.115 
26.955		125.088		29.575		153.934		672.101 
6.992		125.022		5.900		6.929		656.298 
6.001		125.043		9.269		339.999		697.671 
5.012		125.015		12.000		345.234		245.258 
4.025		125.004		5.192		235.598		202.664 
2.994		125.007		10.274		235.367		268.300 
2.011		125.031		8.763		250.510		207.256 
-5.012		125.015		21.710		286.046		597.782 
-10.993		125.047		12.037		256.887		483.698 
-13.997		125.028		6.251		346.630		251.141 
-14.979		125.073		3.162		345.713		308.768 
-16.959		125.012		6.487		163.965		183.547 
-17.963		125.045		9.870		163.076		183.458 
-18.973		125.028		10.601		209.482		243.393 
-20.971		125.035		4.302		224.399		489.508 
-30.931		125.013		15.271		107.508		428.875 
-33.926		125.027		19.924		105.308		398.120 
31.936		126.084		11.240		126.635		870.810 
30.930		126.026		15.336		130.986		647.143 
27.952		126.051		27.378		101.151		632.534 
6.012		126.052		11.402		319.555		690.220 
4.033		126.008		8.612		289.290		177.299 
3.000		126.010		8.991		250.849		258.716 
2.015		126.033		8.939		250.861		528.175 
1.031		126.006		10.245		235.454		646.814 
-4.033		126.008		14.203		294.584		620.370 
-6.012		126.052		62.930		63.028		329.192 
-8.001		126.032		12.998		243.988		182.570 
-10.966		126.063		15.068		294.437		176.032 
-11.980		126.068		13.612		283.992		625.151 
-12.998		126.023		11.604		302.635		508.548 
-18.957		126.011		3.354		161.669		423.690 
-20.958		126.032		6.597		196.463		387.568 
-21.949		126.065		4.313		224.029		294.334 
-22.947		126.044		6.661		194.053		623.789 
