36 20 38 1 44 39 76 34 78 0 
304 250 303 305 235 252 298 294 306 295 
250 227 235 252 304 214 234 256 294 225 236 305 241 
192 156 210 254 127 157 166 197 259 274 110 129 130 217 269 296 91 108 93 
191 167 168 169 148 164 193 138 150 153 172 184 209 212 213 237 116 137 146 165 149 170 202 224 222 183 201 215 239 243 264 107 113 114 144 151 154 171 196 219 226 223 206 221 240 265 82 139 145 163 238 200 229 125 143 162 251 133 142 152 
43 24 46 47 83 14 22 23 40 51 48 60 77 87 115 3 15 12 28 41 16 50 44 62 84 114 122 2 4 49 85 121 140 
115 83 114 122 43 77 87 116 137 121 140 24 46 47 60 84 51 82 107 113 138 147 214 40 48 62 85 146 148 135 196 225 80 136 241 
210 166 192 197 259 130 157 156 254 185 194 217 269 112 129 127 173 186 198 216 230 286 101 108 158 179 175 176 207 231 258 288 94 96 93 177 190 203 211 233 245 255 244 
29 9 25 26 59 6 11 32 30 56 58 61 68 81 8 13 31 37 33 52 57 67 64 45 73 92 88 35 19 54 69 75 79 99 72 42 97 
55 49 53 90 21 50 33 54 86 82 106 7 27 28 51 19 30 52 63 89 105 87 107 113 5 18 17 22 41 46 10 26 56 71 74 97 98 104 117 119 116 139 40 57 67 75 95 100 118 124 144 145 151 58 64 69 102 109 146 149 143 59 68 
81 59 88 92 29 58 61 68 72 94 79 99 9 57 64 45 73 70 96 101 95 131 56 69 37 75 65 93 112 97 103 134 159 26 52 67 74 66 91 108 130 89 100 102 123 160 177 54 71 166 86 98 109 111 128 176 180 190 53 63 105 104 117 120 118 124 133 126 
243 223 237 267 215 222 238 193 239 264 268 278 201 213 221 212 251 168 184 209 240 265 276 272 277 285 206 183 229 249 148 164 191 170 202 224 241 260 279 284 273 289 200 171 248 263 138 153 172 154 196 219 226 225 293 301 152 205 163 242 270 146 165 151 302 300 143 162 195 262 283 145 182 208 261 204 220 
207 190 198 203 211 177 189 176 194 199 233 159 180 175 186 197 181 208 218 231 232 246 131 158 160 179 185 210 217 174 195 204 220 216 230 245 228 247 257 99 134 173 161 178 187 182 205 188 253 258 244 255 275 79 92 123 155 200 242 280 290 103 128 142 152 206 248 262 297 95 102 120 132 141 201 221 249 111 126 
209 193 202 224 168 184 212 213 237 196 219 226 148 164 191 170 222 183 201 215 239 243 264 214 225 138 150 153 172 167 154 171 223 206 221 240 265 267 276 140 227 241 116 137 146 165 149 151 163 238 200 229 260 278 284 271 107 114 144 139 145 162 251 205 249 285 293 82 113 125 143 152 268 195 248 263 119 133 142 272 242 141 
248 242 249 205 262 229 251 263 195 200 261 221 238 268 270 182 208 152 206 266 215 223 267 272 283 155 199 204 220 143 162 201 280 213 222 243 278 273 281 142 161 181 203 218 188 253 228 145 183 193 212 237 276 277 285 282 287 124 141 174 180 189 207 232 178 187 171 168 184 209 239 264 284 289 292 291 190 211 247 163 170 148 164 202 224 299 196 219 
