307
1 5 2 35 40 39 37 
2 9 1 5 21 4 16 24 37 45 17 
3 23 6 4 13 8 18 5 15 23 11 22 29 16 25 42 28 51 17 44 41 52 19 47 88 
4 23 3 5 15 6 13 2 16 25 8 18 23 17 24 44 29 42 47 48 84 52 41 49 61 
5 15 2 4 16 3 15 17 6 13 25 24 18 23 44 49 48 
6 25 3 8 18 4 13 11 22 29 5 15 23 7 20 28 50 51 16 25 42 34 19 56 52 83 41 
7 24 10 11 27 12 30 8 20 31 57 6 19 34 53 58 68 28 54 55 59 65 70 64 60 69 
8 20 6 11 22 3 18 7 20 28 29 50 4 13 19 34 23 51 56 15 31 42 
9 14 12 14 10 26 32 33 30 36 38 43 46 67 62 66 
10 20 7 12 30 11 27 9 26 60 20 31 14 33 59 62 69 82 38 58 65 57 
11 22 7 8 20 10 27 6 22 19 34 31 57 3 18 28 29 54 55 56 87 53 64 72 
12 13 9 10 26 14 7 30 33 32 38 36 46 43 62 
13 23 3 18 23 6 4 29 25 42 8 5 15 22 51 24 44 41 52 16 28 50 47 88 19 
14 16 9 32 33 12 36 26 38 10 43 30 46 67 62 66 92 71 
15 23 4 16 25 3 5 17 23 24 44 6 13 29 42 49 47 48 84 8 18 41 52 61 63 
16 20 5 15 17 2 4 25 24 3 23 44 21 49 6 13 29 42 47 48 63 61 
17 17 16 24 5 15 21 25 49 4 2 45 23 44 48 63 3 61 78 
18 25 6 13 29 3 8 23 22 51 4 11 25 42 28 50 52 83 5 15 41 19 34 56 47 108 20 
19 25 20 28 11 34 22 7 8 31 54 29 50 27 53 55 56 18 23 51 64 6 13 42 52 3 41 
20 33 11 19 34 7 8 28 31 54 10 27 6 22 53 55 56 87 57 64 50 90 106 58 68 72 75 98 99 105 118 59 65 70 101 
21 13 2 24 37 45 17 25 49 39 81 16 48 63 86 
22 29 8 28 29 50 6 11 19 34 18 23 51 56 3 20 31 54 13 25 42 52 83 91 27 53 55 41 47 107 64 
23 30 13 25 29 42 3 18 15 24 44 22 51 41 52 6 4 16 17 47 48 8 28 50 83 88 5 19 34 56 115 20 
24 20 17 21 25 49 16 2 45 15 23 44 48 63 5 4 13 42 47 61 78 85 
25 30 15 23 24 44 4 16 13 29 42 17 21 49 47 48 84 3 5 18 22 51 41 52 63 61 78 116 6 28 85 123 
26 20 12 30 33 9 10 27 60 14 32 38 31 59 62 69 36 46 58 65 43 67 
27 33 7 30 31 57 10 11 26 60 34 53 58 68 20 33 59 69 28 54 55 65 70 19 22 56 64 75 29 72 90 87 98 99 101 
28 31 19 22 34 20 8 29 50 31 54 11 6 18 23 51 56 27 53 55 87 7 3 13 25 42 52 83 91 57 64 41 72 
29 31 18 22 23 51 6 13 8 28 50 25 42 52 83 3 11 19 34 56 15 44 41 47 88 108 4 20 31 54 16 117 27 
30 36 10 26 27 60 7 12 33 31 57 59 62 69 82 9 14 32 38 34 53 58 68 65 46 74 93 89 36 20 55 70 76 80 100 73 43 98 
31 35 27 34 53 7 30 57 20 28 54 55 10 11 26 60 58 68 19 22 56 87 64 59 65 70 8 29 50 72 69 75 74 93 90 80 100 
32 18 14 33 36 9 26 38 43 12 30 46 67 62 66 92 60 71 94 111 
33 19 14 26 32 38 9 12 30 36 46 10 27 60 43 62 59 67 66 92 71 
34 45 20 28 31 54 11 19 22 27 53 55 56 87 7 8 29 50 30 57 64 91 90 106 6 18 23 51 58 68 72 75 98 99 105 118 120 59 65 70 76 101 119 125 60 69 103 
35 6 1 40 39 79 37 77 
36 20 32 38 43 14 33 46 67 9 26 62 66 92 12 30 60 71 94 111 109 128 
37 9 21 39 2 45 40 77 35 79 1 
38 22 33 36 46 14 26 32 43 62 9 12 30 67 60 66 10 92 59 69 82 58 65 57 
39 7 37 40 77 21 35 79 1 
40 6 35 39 79 1 37 77 
41 28 42 47 23 52 44 13 25 29 51 88 48 84 3 18 15 22 50 83 115 49 61 116 6 28 56 63 78 19 
42 29 23 41 52 13 25 29 47 51 88 3 18 15 24 44 22 50 83 84 115 6 4 16 8 28 56 108 117 138 19 
43 28 36 46 67 32 38 62 66 92 14 33 60 71 94 111 9 26 59 73 97 109 128 12 30 95 102 113 130 157 
44 32 25 47 48 84 15 23 24 41 52 49 61 78 88 116 4 16 13 29 42 17 51 45 63 85 115 123 3 5 50 86 122 141 
45 15 21 49 81 2 24 37 48 63 86 17 44 61 85 137 78 
46 36 38 43 62 33 36 67 60 66 14 26 32 92 30 59 69 82 71 9 12 58 65 74 93 89 57 70 76 80 100 73 53 68 75 98 96 55 
47 33 41 44 52 42 25 48 84 51 88 23 15 24 49 61 78 116 29 50 83 115 13 4 16 63 85 123 18 22 56 108 117 138 3 
48 29 44 49 61 25 47 84 24 45 63 78 15 23 41 52 88 116 17 21 81 85 4 16 42 51 123 86 122 5 137 
49 23 24 45 48 63 17 21 25 81 44 61 16 15 47 84 78 5 41 52 116 85 42 86 122 
50 42 22 51 56 8 28 29 52 83 54 91 6 19 34 18 23 42 47 88 108 55 87 107 20 31 13 41 44 117 53 64 90 106 114 57 72 99 105 140 58 68 75 152 
51 39 29 50 52 83 18 22 23 56 42 47 88 91 108 6 13 8 28 25 54 41 44 115 107 117 3 19 34 55 48 114 139 20 53 64 61 147 149 72 169 
52 34 42 47 51 88 23 41 44 29 50 83 84 115 13 25 48 18 22 56 108 116 117 138 3 15 49 61 6 28 54 91 4 63 78 19 
53 57 31 55 57 27 34 54 64 58 68 7 30 20 28 56 87 72 59 65 70 11 19 22 50 91 90 106 75 60 69 51 107 98 99 105 118 120 62 82 74 93 76 96 101 110 119 125 134 126 46 89 80 100 103 121 127 143 132 
54 68 34 55 56 87 20 28 31 53 64 50 91 90 106 11 19 22 27 57 72 51 107 75 98 99 105 118 120 7 29 58 68 52 114 70 76 96 101 110 119 125 134 126 59 65 74 80 104 103 112 121 127 143 144 146 60 69 93 100 124 129 133 142 156 153 140 152 62 82 
55 62 53 54 64 31 57 34 56 87 72 27 58 68 20 28 50 91 90 106 75 7 30 59 65 70 11 19 22 51 107 98 99 105 118 120 60 69 114 76 96 101 110 119 125 134 126 62 82 74 93 104 103 112 121 127 143 144 146 46 80 100 133 142 
56 62 50 54 91 22 51 34 55 87 83 107 8 28 29 52 20 31 53 64 90 106 88 108 114 6 19 18 23 42 47 11 27 57 72 75 98 99 105 118 120 117 140 41 58 68 76 96 101 119 125 145 146 152 59 65 70 103 110 147 150 144 60 69 
57 53 27 53 58 68 7 30 31 55 59 65 70 11 34 54 64 60 69 75 20 28 56 87 72 62 82 74 93 90 50 106 46 89 76 80 100 98 99 105 118 38 73 95 96 132 101 104 135 160 103 110 124 112 121 
58 64 57 59 65 27 53 68 60 69 70 7 30 31 55 62 82 74 93 75 34 54 64 46 66 89 76 80 100 72 90 20 56 87 38 71 73 95 98 96 132 99 50 33 97 102 101 104 135 160 105 103 110 124 178 106 112 118 120 121 119 125 134 126 129 127 
59 63 58 60 65 57 30 62 69 82 70 27 53 68 10 26 46 66 74 93 89 75 7 31 55 33 38 43 67 71 76 80 100 73 95 72 90 34 54 64 98 96 132 97 102 87 99 20 56 101 104 135 160 113 91 106 105 103 110 124 118 120 112 121 129 
60 63 30 59 62 69 82 10 26 27 58 65 46 66 74 93 89 33 31 57 70 38 43 67 71 76 80 100 73 95 53 68 75 36 98 96 132 97 102 55 72 90 101 104 135 160 94 113 54 64 87 99 103 110 124 34 56 106 105 112 118 121 119 125 129 
61 28 48 63 78 44 49 84 85 25 47 24 45 88 116 86 122 15 41 52 17 21 123 81 137 4 16 42 51 141 
62 51 46 60 66 38 43 30 59 69 82 67 71 33 36 10 26 58 65 74 93 89 92 14 32 57 70 76 80 100 73 95 9 27 53 68 75 98 96 132 97 31 55 72 90 101 104 135 54 64 99 103 110 
63 22 49 61 24 45 48 78 17 21 25 81 44 84 85 16 47 116 86 122 41 52 123 137 
64 57 55 72 53 54 75 31 57 34 56 87 70 90 27 58 68 20 28 50 91 106 65 98 99 7 59 11 19 22 51 105 118 120 69 76 96 101 60 110 119 125 134 126 74 93 80 104 103 62 82 127 100 124 112 129 135 121 132 
65 68 58 59 69 70 57 60 74 93 68 75 27 53 30 62 82 76 80 100 72 90 7 31 55 10 26 46 66 89 98 96 132 64 87 99 34 54 38 71 73 95 101 104 135 160 91 106 105 20 56 33 97 102 103 110 124 161 178 118 120 112 129 191 119 125 134 126 121 127 
66 30 62 67 71 46 60 43 92 73 38 59 69 36 94 111 89 58 65 32 97 109 128 82 95 14 33 102 113 130 157 9 
67 30 43 66 92 36 46 62 71 94 111 32 38 60 73 97 109 128 14 33 59 89 95 102 113 130 157 9 26 82 131 158 
68 62 57 70 27 53 58 65 75 7 30 31 55 59 69 72 90 34 54 64 60 74 93 87 98 99 20 56 62 82 76 80 100 91 106 96 101 105 50 46 89 132 107 118 120 104 103 110 73 135 114 119 125 134 126 124 112 121 127 143 144 146 133 142 
69 73 60 65 74 93 30 59 62 82 58 70 76 80 100 10 26 27 46 66 89 57 68 75 98 96 132 38 71 73 95 53 72 90 101 104 135 160 33 97 102 31 55 64 87 99 103 110 124 161 178 34 54 91 106 105 112 118 129 177 181 191 56 120 121 119 125 134 133 127 143 144 142 156 146 
70 64 65 68 75 58 59 69 57 72 90 60 74 93 27 53 64 87 98 99 30 62 82 76 80 100 7 31 55 54 91 106 96 101 105 46 89 132 34 107 118 120 104 103 110 73 135 160 20 114 119 125 134 126 124 112 121 127 143 144 146 129 133 142 156 153 
71 31 66 73 62 67 89 46 60 43 92 82 95 59 69 36 94 111 93 97 102 58 65 32 38 109 128 80 14 33 113 130 157 
72 68 64 75 55 70 90 53 54 65 68 87 98 99 31 57 34 56 58 59 69 91 106 76 96 101 105 27 20 28 50 60 74 93 83 107 118 120 80 104 103 110 11 51 62 82 100 114 119 125 134 126 124 112 140 121 127 143 144 146 129 135 133 142 156 153 152 132 162 163 
73 45 71 89 66 82 95 67 60 93 97 102 43 92 30 59 62 69 80 100 94 113 58 65 46 74 96 132 109 131 57 70 98 104 135 160 111 130 167 68 76 90 101 103 124 99 110 
74 64 69 76 60 65 93 98 30 59 62 82 58 70 80 100 90 96 101 46 89 57 68 75 132 87 99 104 103 110 73 27 53 72 135 160 54 91 106 105 124 112 118 31 55 64 107 120 129 121 119 125 134 114 126 133 127 143 144 146 142 156 153 162 183 163 
75 69 70 72 90 65 68 64 87 98 99 58 59 69 57 55 54 91 106 76 96 101 105 60 74 93 27 53 34 56 83 107 118 120 80 104 103 110 30 62 82 100 31 20 114 119 125 134 126 124 112 46 89 132 140 121 127 143 144 146 129 135 133 142 156 153 152 162 183 163 150 
76 69 74 98 69 90 96 101 60 65 93 75 87 99 80 104 103 110 30 59 62 82 58 70 100 72 54 91 106 105 124 112 118 46 89 57 68 132 64 34 55 56 83 107 120 129 135 121 119 125 134 27 53 114 126 133 127 143 144 140 146 142 156 153 152 162 183 163 179 196 164 
77 7 39 79 81 37 40 86 35 
78 24 61 84 85 48 63 44 88 116 86 122 49 25 47 83 115 123 81 137 24 45 141 136 17 148 
79 5 40 77 35 39 81 
80 85 93 96 100 69 82 98 104 132 60 65 74 89 76 90 101 103 124 135 160 30 59 62 58 70 73 95 75 87 99 110 112 129 159 161 178 46 57 68 71 97 102 72 54 91 106 105 118 121 133 162 177 181 191 27 53 94 113 64 107 120 119 125 134 127 142 176 199 182 190 208 31 55 114 126 143 144 180 187 175 204 212 146 156 153 200 
81 17 45 77 86 21 49 79 85 137 48 63 78 122 136 61 84 148 116 
82 67 60 89 93 30 59 62 69 73 95 80 100 10 58 65 46 74 71 97 102 96 132 57 70 38 76 66 94 113 98 104 135 160 27 53 68 75 67 92 109 131 90 101 103 124 161 178 55 72 167 87 99 110 112 129 177 181 191 54 64 106 105 118 121 119 125 134 127 
83 70 51 88 91 108 29 50 52 84 115 56 87 107 117 18 22 23 42 47 78 116 138 90 106 114 139 6 28 41 85 123 75 98 99 105 118 120 140 147 149 72 76 96 101 119 125 145 146 152 154 151 169 103 110 150 144 171 166 165 192 194 155 185 172 173 210 213 214 164 184 223 
84 32 44 78 88 116 25 47 48 61 85 52 83 115 123 15 41 49 63 86 122 42 51 108 117 138 141 4 81 137 148 215 136 226 
85 23 78 86 122 61 84 81 137 123 48 63 44 88 116 45 136 141 49 25 47 83 115 148 24 
86 20 81 85 137 45 77 78 122 136 21 61 84 123 148 48 63 44 88 116 141 49 
87 87 54 90 91 106 34 55 56 75 98 99 83 107 105 118 120 20 28 31 53 64 50 70 72 76 96 101 88 108 114 110 119 125 134 126 11 57 65 68 74 80 104 103 117 140 112 121 127 143 144 146 58 59 69 93 100 124 145 152 129 133 142 156 153 60 82 132 135 147 150 155 162 183 163 201 89 154 161 179 196 164 175 189 206 209 172 188 205 
88 41 52 83 84 115 42 47 51 91 108 44 78 116 117 138 23 41 29 50 56 87 107 48 61 85 123 114 139 141 13 86 122 147 149 3 145 154 169 150 171 165 173 
89 51 73 82 95 71 60 93 97 102 66 30 59 62 69 80 100 94 113 67 58 65 46 74 96 132 92 109 131 57 70 76 98 104 135 160 111 130 167 53 68 75 90 101 103 124 87 99 110 112 105 118 121 
90 78 75 87 98 99 70 72 54 91 106 76 96 101 105 65 68 64 34 55 56 83 107 118 120 74 80 104 103 110 58 59 69 57 20 53 50 108 114 119 125 134 126 93 100 124 112 60 27 31 117 140 121 127 143 144 146 82 132 129 135 62 145 152 133 142 156 153 89 160 150 162 183 163 201 73 161 179 196 164 
91 79 56 83 87 107 50 54 51 88 108 90 106 114 22 34 55 115 117 75 98 99 105 118 120 140 28 53 64 139 70 72 76 96 101 110 119 125 134 126 145 146 152 19 147 149 65 68 74 80 104 103 112 121 127 143 144 150 155 169 58 59 69 57 93 100 124 129 133 142 156 153 154 171 135 162 183 163 185 172 164 
92 28 67 94 111 43 66 97 109 128 36 46 62 71 95 102 113 130 157 32 38 73 89 131 158 193 14 33 82 167 
93 86 69 80 82 100 60 65 74 96 89 132 30 59 62 58 70 76 98 104 73 95 135 160 46 57 68 75 90 101 103 124 71 97 102 159 161 178 27 53 72 87 99 110 112 129 94 113 162 177 181 191 31 55 64 54 91 106 105 118 121 133 131 176 199 182 190 208 107 120 119 125 134 127 142 180 187 175 204 212 126 143 144 200 234 156 146 153 
94 28 92 97 109 67 111 95 102 113 43 66 128 89 131 36 71 130 157 73 82 167 32 158 193 60 93 211 80 100 
95 35 89 97 102 73 82 94 113 71 60 93 92 109 131 66 59 62 69 80 100 67 111 130 167 58 65 96 132 43 128 158 211 57 98 104 76 
96 75 80 98 104 93 100 76 90 101 103 124 69 82 132 74 75 87 99 110 112 129 135 60 65 89 160 70 72 54 91 106 105 118 121 133 59 62 58 73 95 161 178 68 64 55 56 83 107 120 119 125 134 127 142 46 57 97 102 177 181 191 53 114 126 143 144 146 156 153 140 152 162 183 163 179 164 
97 32 94 95 102 92 109 89 113 67 111 73 82 131 43 66 128 71 60 93 130 167 157 59 62 69 80 100 158 211 58 65 96 98 
98 80 76 90 96 101 74 75 87 99 80 104 103 110 69 70 72 54 91 106 105 93 100 124 112 118 60 65 68 64 34 55 56 83 107 120 82 132 129 135 121 119 125 134 30 59 62 58 57 20 53 114 126 89 160 133 127 143 144 46 27 140 146 73 95 161 178 142 156 153 152 97 162 183 163 201 150 179 196 164 189 206 
99 84 90 101 105 75 87 98 103 110 106 70 72 54 91 76 96 104 112 118 107 120 65 68 64 34 55 56 83 74 80 124 121 119 125 134 108 114 126 58 59 69 57 20 53 50 93 100 129 135 127 143 144 117 140 146 60 27 82 132 133 142 156 153 145 152 62 89 160 162 183 163 201 147 150 155 73 161 179 196 164 154 175 189 206 172 
100 89 80 93 132 96 69 82 131 135 160 98 104 60 65 74 89 124 159 161 178 76 90 101 103 30 59 62 58 70 73 95 129 174 162 177 181 191 75 87 99 110 112 46 57 68 97 102 121 133 156 179 176 199 182 190 208 72 54 91 106 105 118 27 53 94 113 119 127 142 180 187 195 175 200 204 212 64 120 125 134 31 55 143 188 234 126 144 247 146 153 
101 84 98 99 103 110 76 90 96 105 104 112 118 74 75 87 80 106 124 121 119 125 134 69 70 72 54 91 93 100 107 120 129 135 127 143 144 60 65 68 64 55 56 82 132 108 114 126 133 142 156 146 153 59 62 58 57 53 89 160 83 117 140 162 183 152 163 201 73 145 161 179 196 150 155 164 147 175 189 206 209 154 171 172 188 205 
102 31 95 97 113 89 94 109 131 73 82 92 111 130 132 167 71 60 93 67 128 158 211 66 59 69 80 100 43 157 58 65 96 
103 86 101 104 112 98 99 110 96 124 121 76 90 105 118 80 129 135 119 74 75 87 106 125 134 93 100 133 132 127 69 70 72 54 91 107 120 143 144 82 142 160 60 65 68 64 55 108 114 126 156 146 153 89 161 178 59 62 58 57 53 117 140 162 183 152 163 201 73 177 181 191 145 179 196 150 155 164 190 208 175 189 206 209 154 171 172 147 
104 83 96 103 124 80 98 101 112 129 135 93 100 76 90 99 110 121 133 132 69 82 74 75 87 105 118 119 127 142 160 60 65 89 70 72 54 91 106 125 134 143 159 161 178 59 62 58 73 95 68 64 55 107 120 144 156 162 177 181 191 57 114 126 146 153 183 176 199 182 190 208 140 152 163 180 187 175 204 212 145 150 155 164 200 
105 91 99 106 90 101 87 107 118 120 75 98 103 110 54 91 108 114 119 125 134 126 70 72 76 96 104 112 34 55 56 83 117 140 121 127 143 144 146 65 68 64 74 80 124 20 53 50 115 139 145 152 129 133 142 156 153 58 59 69 57 93 100 135 147 150 155 162 183 163 201 60 82 132 154 171 161 179 196 164 206 207 89 160 175 189 209 172 182 188 205 221 184 
106 94 87 105 107 118 120 54 90 91 99 108 114 110 119 125 134 126 34 55 56 75 98 83 101 117 140 112 121 127 143 144 146 20 53 64 50 70 72 76 96 103 115 139 145 152 129 133 142 156 153 57 65 68 74 80 104 149 147 150 155 124 162 183 163 201 58 59 69 93 100 154 171 135 161 179 196 164 206 207 60 82 132 160 175 189 209 172 182 188 205 200 221 184 181 229 
107 78 91 106 108 114 56 83 87 105 118 120 117 140 50 54 51 88 90 99 110 119 125 134 126 115 139 145 146 152 22 55 75 98 101 112 121 127 143 144 138 147 149 150 155 53 70 72 76 96 103 129 133 142 156 153 154 169 171 68 64 74 80 104 124 162 183 163 165 185 172 93 135 179 196 164 173 194 184 213 
108 76 83 107 117 51 88 91 106 114 115 139 29 50 52 84 56 87 105 118 120 140 116 138 147 149 18 42 47 90 99 110 119 125 134 126 145 146 152 123 141 154 151 169 101 112 121 127 143 144 150 155 171 166 165 192 194 98 103 133 142 185 172 173 210 213 214 238 164 184 203 225 223 202 216 163 220 224 
109 23 94 111 113 92 97 128 102 131 67 95 130 157 167 43 66 89 158 193 211 36 71 73 82 
110 90 101 112 118 98 99 103 121 106 119 125 134 76 90 96 105 104 129 87 107 120 127 143 144 74 75 80 124 133 54 91 108 114 126 142 156 146 153 69 70 72 93 100 135 55 56 117 140 162 183 152 163 201 60 65 68 64 82 132 53 145 161 179 196 150 155 164 206 207 59 62 58 57 89 160 147 175 189 209 154 171 172 73 182 188 205 221 149 185 184 229 
111 23 92 109 128 67 94 113 130 157 43 66 97 102 131 158 193 36 71 95 167 255 32 89 73 
112 82 103 110 121 101 104 118 119 129 98 99 96 124 106 125 134 127 133 76 90 105 80 135 87 107 120 143 144 142 74 75 93 100 132 54 91 108 114 126 156 146 153 69 70 72 82 160 55 140 162 183 152 163 201 60 65 68 64 89 161 178 145 179 196 150 155 164 59 58 57 177 181 191 175 189 206 209 154 171 172 188 205 147 
113 30 102 109 131 95 97 94 111 130 132 167 89 92 128 158 135 211 73 82 67 157 260 60 93 43 66 59 69 80 100 71 
114 84 107 117 140 91 106 108 115 139 145 146 152 56 83 87 105 118 120 88 116 138 147 149 150 126 144 155 50 54 51 90 99 110 119 125 134 154 151 169 143 153 171 55 75 98 101 112 121 127 165 192 194 142 156 163 201 185 172 70 72 76 96 103 129 133 173 162 183 164 206 207 184 68 64 74 80 104 124 161 179 196 214 135 175 189 
115 51 88 116 117 138 52 83 84 123 108 114 139 141 42 47 51 91 44 78 122 107 140 147 149 148 23 41 85 106 145 146 152 154 151 169 136 105 150 144 171 166 165 192 194 155 185 172 173 210 213 214 164 
116 34 84 115 123 44 78 88 117 138 122 141 25 47 48 61 85 52 83 108 114 139 148 215 41 49 63 86 147 149 136 197 226 81 137 242 
117 82 108 114 115 139 83 107 140 88 116 138 147 149 51 91 106 145 146 152 52 84 123 141 154 151 169 29 50 56 87 105 118 120 150 126 144 155 42 47 171 166 165 192 194 90 99 110 119 125 134 143 153 185 172 173 168 210 213 214 238 101 127 142 156 163 164 184 203 225 223 202 216 240 265 103 133 197 220 227 224 207 222 244 
118 105 106 110 119 125 134 87 105 107 120 101 112 121 127 143 144 54 90 91 99 108 114 126 98 103 129 133 142 156 146 153 34 55 56 75 83 117 140 76 96 104 124 162 183 152 163 201 20 53 64 70 72 139 145 74 80 135 161 179 196 150 155 164 206 207 57 65 68 147 69 93 100 132 160 175 189 209 154 171 172 202 222 58 59 60 82 178 182 188 205 200 221 149 185 184 216 89 181 204 219 229 169 194 214 190 165 
119 95 118 121 127 106 110 125 134 112 129 133 87 105 107 120 101 143 144 103 124 142 54 90 91 99 108 114 126 98 156 146 153 104 135 34 55 56 75 83 117 140 76 96 162 183 152 163 201 132 53 64 70 72 145 74 80 161 179 196 150 155 164 206 207 100 160 65 68 147 69 93 175 189 209 154 171 172 222 178 57 60 82 182 188 205 200 221 149 185 184 177 181 191 229 139 169 
120 96 106 126 87 105 107 118 146 54 90 91 99 108 114 110 119 125 134 140 144 152 34 55 56 75 98 83 101 117 112 121 127 143 145 153 150 155 53 64 70 72 76 96 103 129 133 142 156 147 163 201 154 171 65 68 74 80 104 124 162 183 139 164 206 207 149 185 172 58 59 69 57 93 100 135 161 179 196 138 243 202 222 169 194 184 132 175 189 209 216 165 210 213 214 188 205 173 
121 90 112 119 129 103 110 118 127 124 133 101 104 106 125 134 135 142 98 99 96 87 105 107 120 143 144 132 76 90 80 54 91 108 114 126 156 146 153 100 160 74 75 93 55 140 162 183 152 163 201 159 161 178 69 70 72 82 53 145 179 196 150 155 164 177 181 191 60 65 68 64 89 175 189 206 209 154 171 172 176 199 182 190 208 59 58 57 188 205 147 212 
122 21 85 123 78 86 116 141 61 84 81 137 115 138 148 215 48 63 44 88 136 226 49 
123 33 116 122 141 84 115 85 138 148 215 44 78 88 117 86 139 136 197 226 228 25 47 48 61 83 108 147 149 137 203 242 63 154 169 
124 102 104 129 135 96 103 121 133 132 80 98 101 112 119 127 142 100 131 160 93 76 90 99 110 118 125 143 159 161 178 69 82 74 75 87 105 106 134 144 156 174 162 177 181 191 60 65 89 70 72 54 91 107 120 146 153 183 180 186 179 176 199 182 190 208 59 58 68 64 114 126 140 152 163 201 196 175 189 187 195 200 204 212 55 145 150 155 164 206 209 198 219 234 53 147 154 171 172 205 221 233 247 258 
125 109 118 127 143 106 110 119 134 133 142 144 156 87 105 107 120 101 112 121 129 146 153 162 183 54 90 91 99 108 114 126 98 103 124 140 152 163 201 161 179 196 34 55 56 75 83 117 76 96 104 135 145 150 155 164 206 207 160 175 189 209 53 64 70 72 74 80 132 147 154 171 172 243 202 222 178 182 188 205 200 221 65 68 69 93 100 139 149 185 184 216 230 177 181 191 254 204 219 229 57 60 82 138 169 194 214 190 208 233 165 
126 103 120 146 106 140 144 152 87 105 107 118 114 145 134 143 153 150 155 54 90 91 99 108 110 119 125 117 147 142 156 163 201 154 171 55 75 98 56 101 112 121 127 139 133 162 183 164 206 207 149 185 172 53 64 70 72 76 96 103 129 138 161 179 196 243 202 222 151 169 194 184 65 68 74 80 104 124 160 175 189 209 214 216 230 165 192 210 213 69 93 100 135 182 188 205 200 221 224 173 223 132 181 204 229 
127 96 119 125 133 118 121 143 129 142 106 110 134 112 144 156 124 87 105 107 120 101 103 146 153 162 183 104 135 54 90 91 99 108 114 126 98 140 152 163 201 161 179 196 96 132 55 75 117 76 145 150 155 164 206 207 160 175 189 209 80 100 53 70 72 74 147 154 171 172 202 222 178 182 188 205 200 221 93 68 64 69 139 149 185 184 191 181 254 204 219 229 65 169 194 190 233 58 
128 21 111 130 157 92 109 131 158 193 67 94 113 167 211 255 43 66 97 102 36 71 95 
129 95 121 124 133 112 119 104 135 127 142 103 110 118 96 132 125 143 101 106 134 80 98 100 160 144 156 99 87 105 107 120 93 76 90 159 161 178 146 153 162 183 54 91 114 126 69 82 74 75 177 181 191 140 152 163 201 179 196 65 70 72 176 199 182 190 208 145 150 155 164 206 207 175 189 209 64 180 187 200 204 212 147 154 171 172 188 205 221 174 234 139 149 185 184 219 229 
130 22 128 131 158 111 157 113 167 92 109 193 102 211 67 94 255 95 97 43 66 89 71 73 
131 28 113 130 132 167 102 109 128 158 100 135 160 211 95 97 94 111 157 124 193 198 260 89 92 270 73 82 67 93 
132 94 100 131 135 160 80 93 113 167 124 159 161 178 96 69 82 102 104 129 174 162 177 181 191 98 60 65 74 89 103 121 133 180 186 156 179 176 199 182 190 208 76 90 101 59 62 58 70 73 95 112 119 127 142 187 198 143 183 175 189 195 200 204 212 75 87 99 110 57 68 118 125 218 144 188 205 209 219 234 72 106 105 53 134 146 196 221 233 232 247 229 248 217 246 258 
133 98 127 129 142 119 125 121 124 143 118 112 104 135 144 156 106 110 134 103 96 132 146 153 162 183 87 105 107 120 101 80 98 100 160 126 140 152 163 201 161 179 196 54 90 91 99 108 114 93 76 159 178 145 150 155 164 206 207 175 189 209 55 75 69 74 177 181 191 147 154 171 172 202 222 182 188 205 200 221 70 72 199 190 208 139 149 185 184 216 254 204 219 229 68 64 212 169 194 233 
134 106 118 144 106 110 119 125 143 146 153 87 105 107 120 101 112 121 127 142 156 126 140 152 163 201 54 90 91 99 108 114 98 103 129 133 162 183 145 150 155 164 206 207 55 75 117 76 96 104 124 161 179 196 147 154 171 172 243 202 222 53 64 70 72 74 80 135 160 175 189 209 139 149 185 184 214 216 230 65 68 69 93 100 132 178 182 188 205 200 221 138 151 169 194 224 82 181 204 219 229 165 192 210 213 223 190 173 
135 101 124 132 104 129 100 131 160 96 103 121 133 80 93 113 159 161 178 98 101 112 119 127 142 69 82 174 162 177 181 191 76 90 99 110 118 125 143 60 65 74 89 180 186 156 179 176 199 182 190 208 75 87 105 106 134 144 59 62 58 70 73 187 198 183 175 189 195 200 204 212 72 91 107 120 146 153 57 68 218 188 205 209 219 234 64 114 126 140 152 163 221 233 232 247 145 150 155 164 248 258 147 
136 17 137 148 86 141 81 85 123 138 215 78 122 116 115 139 226 84 242 
137 17 86 136 81 85 148 45 78 122 141 61 84 123 138 215 48 63 116 
138 69 115 139 141 88 116 117 147 149 123 148 215 52 83 84 108 114 145 154 151 169 122 136 226 42 47 107 140 150 171 166 165 192 194 137 91 146 152 155 185 172 173 210 213 214 238 126 144 164 184 203 225 223 202 216 240 120 134 143 153 163 197 220 227 224 207 222 125 142 156 
139 69 117 138 147 149 108 114 115 141 145 154 151 169 83 107 140 88 116 123 148 150 171 166 165 192 194 51 91 106 146 152 136 155 185 172 173 168 210 213 214 238 105 118 144 164 184 203 225 223 202 216 240 244 265 163 197 220 227 224 207 222 241 266 277 153 239 201 230 252 250 
140 96 114 145 146 152 107 117 147 150 126 144 155 91 106 108 115 139 154 120 134 143 153 171 56 83 87 105 118 138 149 125 142 156 163 201 185 172 50 90 99 110 119 169 127 133 162 183 164 206 207 194 184 75 98 101 112 121 129 161 179 196 243 202 222 210 213 214 238 72 76 103 124 160 175 189 209 216 230 203 225 223 240 265 104 135 182 188 205 200 221 224 197 220 227 132 181 229 
141 38 123 138 148 215 116 122 115 139 136 197 226 228 84 85 88 117 147 149 137 203 220 242 44 78 86 108 145 154 169 210 227 241 272 61 150 171 165 173 
142 106 133 143 127 129 125 144 156 119 121 124 118 134 146 153 162 183 112 104 135 106 110 126 140 152 163 201 161 179 196 103 96 132 87 105 107 120 101 114 145 150 155 164 206 207 160 175 189 209 80 98 100 54 90 91 99 108 117 147 154 171 172 243 202 222 178 182 188 205 200 221 93 76 55 75 139 149 185 184 214 216 230 177 181 191 254 204 219 229 74 70 72 138 169 194 224 190 208 233 68 64 165 210 213 212 248 173 
143 115 125 142 144 156 118 127 133 134 146 153 162 183 106 110 119 129 126 140 152 163 201 161 179 196 87 105 107 120 101 112 121 124 114 145 150 155 164 206 207 160 175 189 209 54 90 91 99 108 98 103 104 135 117 147 154 171 172 243 202 222 132 159 178 182 188 205 200 221 55 75 76 96 139 149 185 184 214 216 230 177 181 191 254 204 219 229 53 70 72 74 80 138 151 169 194 224 176 199 190 208 233 68 64 69 93 100 165 192 210 213 212 248 65 173 223 
144 118 134 143 146 153 118 125 142 156 126 140 152 163 201 106 110 119 127 133 162 183 120 114 145 150 155 164 206 207 87 105 107 101 112 121 129 161 179 196 117 147 154 171 172 243 202 222 54 90 91 99 108 98 103 124 160 175 189 209 115 139 149 185 184 249 263 214 216 230 55 75 76 96 104 135 132 178 182 188 205 200 221 151 169 194 224 250 70 72 74 80 177 181 191 254 204 219 229 166 165 192 210 213 238 223 244 252 68 64 69 93 100 190 208 233 173 203 225 65 
145 88 140 147 150 114 146 152 139 154 107 117 126 144 155 138 149 171 91 106 108 115 120 134 143 153 141 151 169 185 172 56 83 87 105 118 125 142 156 163 201 166 165 192 194 164 184 90 99 110 119 127 133 162 183 206 207 173 210 213 214 238 101 112 121 129 161 179 196 202 222 203 225 223 216 98 103 124 175 189 209 220 224 104 135 182 188 205 221 132 
146 115 126 140 144 152 120 114 145 134 143 153 150 155 106 107 117 147 118 125 142 156 163 201 154 171 87 105 91 108 115 139 110 119 127 133 162 183 164 206 207 149 185 172 54 90 99 56 83 101 112 121 129 161 179 196 243 202 222 151 169 194 184 55 75 98 103 124 160 175 189 209 249 263 214 216 230 166 165 192 210 213 238 70 72 76 96 104 135 132 178 182 188 205 200 221 224 250 173 203 225 223 68 64 74 80 177 181 191 254 204 219 229 244 220 190 233 
147 91 139 145 154 117 138 149 140 150 171 108 114 115 141 151 169 146 152 155 185 172 83 107 88 116 123 166 165 192 194 126 144 164 184 51 91 173 168 210 213 214 238 120 134 143 153 163 203 225 223 202 216 240 244 265 106 118 125 142 156 201 197 220 227 224 207 222 87 105 110 119 127 133 162 183 206 90 99 101 112 121 129 161 179 196 98 103 124 175 189 76 135 
148 18 136 141 137 123 138 215 86 116 122 115 139 226 81 85 84 149 242 78 
149 84 139 151 154 169 117 138 147 166 150 171 165 192 194 108 114 115 141 145 173 152 155 185 172 168 210 213 214 238 83 107 140 88 116 123 148 146 164 184 203 225 223 202 216 240 244 265 51 91 106 126 144 163 197 220 227 224 207 222 241 266 268 277 120 134 143 153 215 239 201 230 118 125 142 156 252 250 110 119 127 133 162 183 249 129 
150 95 145 152 154 140 147 146 155 149 171 114 139 126 144 151 169 185 172 107 117 138 120 134 143 153 166 165 192 194 164 184 91 106 108 115 141 118 125 142 156 163 201 173 168 210 213 214 238 56 83 87 105 110 119 127 133 162 183 206 207 203 225 223 202 216 240 90 99 101 112 121 129 161 179 196 222 197 220 227 224 98 103 124 175 189 209 244 76 96 104 135 182 188 205 221 132 
151 49 149 166 139 154 169 173 117 138 147 150 171 165 192 194 108 114 115 145 152 155 185 172 210 213 214 238 83 140 146 164 184 203 225 223 202 216 240 126 144 163 197 220 227 224 207 222 134 143 153 
152 101 140 146 150 155 114 145 126 144 154 171 107 117 147 120 134 143 153 149 185 172 91 106 108 115 139 118 125 142 156 163 201 151 169 194 164 184 56 83 87 105 110 119 127 133 162 183 206 207 166 165 192 210 213 214 238 50 90 99 101 112 121 129 161 179 196 243 202 222 173 203 225 223 216 240 244 265 98 103 124 160 175 189 209 230 197 220 227 224 76 96 104 135 182 188 205 200 221 239 74 132 229 
153 108 144 163 201 134 143 146 164 206 207 118 125 142 156 126 140 152 172 196 243 202 222 106 110 119 127 133 162 183 120 114 145 150 155 171 184 209 249 263 214 216 230 87 105 107 101 112 121 129 161 179 117 147 154 185 200 205 221 250 262 194 224 54 90 91 99 98 103 124 160 175 189 108 139 149 182 204 219 254 229 252 213 223 239 244 75 76 96 104 135 178 188 138 151 169 190 208 233 70 72 74 80 132 165 192 64 93 100 173 
154 89 147 149 150 171 139 145 151 169 152 155 185 172 117 138 140 166 165 192 194 146 164 184 108 114 115 141 173 168 210 213 214 238 126 144 163 83 107 88 123 203 225 223 202 216 240 244 265 120 134 143 153 91 197 220 227 224 207 222 266 106 118 125 142 156 201 239 230 87 105 110 119 127 133 162 183 206 90 99 101 112 121 129 161 179 196 98 103 124 189 
155 94 152 171 140 146 150 154 185 172 114 145 126 144 147 149 194 164 184 107 117 120 134 143 153 139 151 169 210 213 214 238 163 91 106 108 118 125 142 156 201 138 166 165 192 203 225 223 202 216 240 244 265 87 105 110 119 127 133 162 183 206 207 115 173 197 220 227 224 222 241 266 277 99 101 112 121 129 161 179 196 215 239 230 98 103 124 175 189 209 252 250 76 96 104 135 
156 116 143 162 183 125 142 144 161 179 196 118 127 133 134 146 153 160 175 189 206 209 106 110 119 129 126 140 152 163 201 132 159 178 182 188 205 243 200 221 87 105 107 120 101 112 121 124 114 145 150 155 164 207 100 135 177 181 191 254 249 263 204 219 229 54 90 91 99 98 103 104 117 147 154 171 172 202 222 176 199 190 208 250 262 233 75 76 96 139 149 185 184 216 230 180 187 212 252 264 267 234 248 70 72 74 80 138 169 194 214 174 239 64 69 93 165 213 
157 21 128 158 193 111 130 167 211 255 92 109 131 275 67 94 113 43 66 97 102 71 95 
158 19 130 157 167 128 131 193 211 111 113 255 260 92 109 102 270 67 94 95 97 
159 49 160 174 132 161 178 180 186 100 135 162 177 181 191 176 187 198 80 93 124 156 179 199 182 190 208 195 211 218 104 129 143 175 189 200 204 212 217 231 121 133 219 234 232 259 247 246 256 258 245 
160 97 132 159 161 178 100 131 135 174 162 177 181 191 80 93 124 180 186 156 179 176 199 182 190 208 96 69 82 104 129 187 198 143 183 175 189 195 200 204 212 98 60 65 74 89 103 121 133 218 125 142 144 196 188 205 209 219 234 76 90 101 59 58 70 73 112 119 127 217 231 118 134 146 153 206 254 221 233 232 247 99 110 57 259 106 126 140 152 163 229 248 246 258 105 120 245 256 276 
161 95 160 162 132 159 178 156 179 100 135 174 177 181 191 143 183 175 189 80 93 124 180 186 176 199 182 190 208 125 142 144 196 188 205 96 69 82 104 129 187 198 195 200 204 212 118 127 133 134 146 153 206 209 254 98 65 103 121 218 219 234 106 110 119 126 140 152 163 201 243 221 101 112 233 232 247 87 105 120 114 145 150 155 164 229 99 248 217 231 246 258 90 107 147 154 172 
162 101 156 161 179 143 183 160 175 189 125 142 144 196 132 159 178 182 188 205 118 127 133 134 146 153 206 209 100 135 174 177 181 191 200 254 106 110 119 129 126 140 152 163 201 243 221 80 93 124 180 186 176 199 190 208 204 219 258 87 105 107 120 101 112 121 114 145 150 155 164 207 249 263 229 104 187 195 212 233 90 91 99 98 103 147 154 171 172 250 198 234 248 75 76 96 139 149 185 184 247 72 74 
163 102 153 164 144 201 172 134 143 146 206 207 171 184 118 125 142 156 126 140 152 196 243 202 222 154 155 185 214 106 110 119 127 133 162 183 120 114 145 150 209 249 263 216 230 147 149 194 87 105 107 101 112 121 129 161 179 117 200 205 221 224 250 139 151 169 210 213 238 90 91 99 98 103 124 160 175 189 204 219 229 223 244 138 165 192 203 225 240 265 75 76 96 104 135 182 188 173 197 220 227 72 74 132 
164 97 163 172 153 171 184 144 201 154 155 185 214 134 143 146 206 207 147 149 150 152 194 202 216 118 125 142 156 126 140 196 243 222 139 145 151 169 210 213 238 224 106 110 119 127 133 162 183 120 114 209 230 117 138 166 165 192 203 225 223 240 244 265 239 87 105 107 101 112 121 129 161 179 205 221 108 115 173 197 220 227 241 266 252 90 99 98 103 124 175 189 83 250 76 96 104 135 188 
165 74 169 173 149 192 194 166 139 151 154 168 185 210 213 214 238 117 138 147 150 171 203 225 223 184 202 216 240 244 265 108 114 115 141 145 152 155 172 197 220 227 224 207 222 241 266 268 277 83 107 88 140 146 164 215 239 201 230 261 285 126 144 163 226 252 250 120 134 143 153 249 118 125 142 156 
166 36 151 173 149 165 139 154 169 117 138 147 150 171 192 194 108 115 145 152 155 185 172 210 213 214 238 83 140 146 164 184 203 225 223 202 144 224 
167 33 131 158 211 113 130 132 157 193 198 260 102 109 128 186 195 218 270 95 97 94 111 174 187 199 217 231 287 89 92 180 73 82 176 
168 20 170 192 169 149 165 194 139 154 173 185 210 213 214 117 147 150 171 166 223 151 
169 85 149 165 192 194 139 151 154 173 168 185 210 213 214 238 117 138 147 166 150 171 203 225 223 184 202 216 240 244 265 108 114 115 141 145 152 155 172 197 220 227 224 207 222 241 266 268 277 83 107 140 88 123 146 164 215 226 239 201 230 261 285 51 91 126 144 163 252 206 250 120 134 143 153 269 196 249 264 106 118 125 142 156 119 127 133 
170 2 168 192 
171 95 154 155 185 172 147 149 150 152 194 164 184 139 145 151 169 140 146 210 213 214 238 163 117 138 166 165 192 114 126 144 203 225 223 202 216 240 244 265 153 108 115 141 173 168 107 120 134 143 197 220 227 224 207 222 241 266 268 277 201 83 88 91 106 118 125 142 156 215 226 239 230 261 285 206 105 110 119 127 133 162 183 252 250 101 112 121 129 179 196 269 249 264 99 103 124 
172 92 164 171 184 163 154 155 185 214 153 147 149 150 152 194 202 216 144 201 139 145 151 169 140 146 210 213 238 207 222 224 134 143 206 117 138 166 165 192 114 126 203 225 223 240 244 265 230 239 118 125 142 156 196 108 115 173 107 120 197 220 227 241 266 268 277 250 252 106 110 119 127 133 162 183 83 91 215 249 264 269 87 105 101 112 121 129 161 179 99 103 124 90 
173 66 165 166 169 151 149 192 194 139 154 168 185 210 213 214 238 117 138 147 150 171 203 225 223 184 202 216 240 244 265 108 114 115 141 145 152 155 172 197 220 227 224 207 222 241 266 277 83 107 88 140 146 164 215 239 201 230 126 144 163 252 250 120 134 143 153 142 
174 43 159 180 186 160 176 187 198 132 161 178 177 195 211 218 100 135 162 181 191 199 167 260 217 231 124 182 190 208 232 259 175 200 204 212 234 246 256 233 247 245 258 219 248 
175 87 179 182 188 162 189 181 200 156 161 205 178 190 204 209 219 143 183 160 254 177 191 208 196 221 233 125 142 144 132 159 258 176 199 212 206 229 234 248 118 127 133 134 146 153 135 247 180 187 195 201 243 232 106 110 119 129 126 140 152 163 124 174 186 198 207 249 263 217 231 246 87 105 120 101 112 121 114 145 150 155 164 218 245 99 103 147 90 
176 59 177 180 187 178 199 174 186 195 160 181 191 208 159 198 132 161 182 190 204 212 211 218 100 135 162 175 200 234 217 231 80 93 124 156 179 188 209 219 232 233 247 259 104 129 143 189 196 205 221 246 229 248 258 256 121 183 206 245 276 
177 75 176 178 199 180 187 160 181 191 195 208 174 186 132 159 161 182 190 198 204 212 100 135 162 175 200 211 218 234 80 93 124 156 179 188 209 219 217 231 232 233 247 96 69 82 104 129 143 183 189 196 205 221 259 246 229 248 258 103 121 133 125 142 144 206 254 256 245 276 101 112 119 127 146 201 243 
178 85 160 177 181 191 132 159 161 176 199 182 190 208 100 135 174 162 180 187 195 175 200 204 212 80 93 124 186 156 179 198 188 209 219 234 96 69 82 104 129 143 183 189 211 218 196 205 221 233 232 247 98 65 103 121 133 125 142 144 217 231 206 254 229 248 246 258 58 101 112 119 127 118 134 146 153 259 201 243 245 256 276 99 110 291 90 
179 85 162 175 189 156 161 182 188 205 143 183 160 181 200 209 254 125 142 144 196 132 159 178 190 204 219 221 258 118 127 133 134 146 153 206 100 135 177 191 208 233 229 247 106 110 119 129 126 140 152 163 201 243 124 176 199 212 234 248 87 105 107 120 101 112 121 114 145 150 155 164 180 187 232 90 99 98 103 147 154 171 172 246 76 96 104 
180 50 174 176 159 186 177 187 160 198 178 199 195 132 161 211 218 181 191 208 135 162 167 217 231 182 190 204 212 124 232 259 175 200 234 246 256 179 188 209 219 233 247 245 258 189 196 205 221 229 248 206 
181 77 178 182 190 160 177 191 175 200 204 132 159 161 176 199 208 179 188 209 219 100 135 174 162 180 187 195 212 189 196 205 221 233 80 93 124 186 156 198 234 183 206 254 229 248 96 69 82 104 129 143 218 232 247 201 243 103 121 133 125 142 144 217 231 246 258 207 249 263 101 112 119 127 146 259 245 256 276 
182 90 175 181 200 179 188 178 190 204 209 219 162 189 160 177 191 208 196 205 221 233 156 161 132 159 176 199 212 183 206 254 229 234 248 143 100 135 174 180 187 195 201 243 232 247 125 142 144 80 93 124 186 198 153 207 249 263 217 231 246 258 118 127 133 134 146 104 129 218 202 222 250 262 259 245 256 276 106 110 119 126 140 152 121 216 252 105 120 145 150 112 
183 112 156 196 143 162 206 209 125 142 144 161 179 201 243 200 205 221 118 127 133 134 146 153 160 175 189 207 249 263 182 204 219 254 229 106 110 119 129 126 140 152 163 132 178 188 202 222 250 262 181 190 208 233 258 87 105 107 120 101 112 121 124 114 145 150 155 164 135 177 191 214 216 230 252 264 267 199 212 234 248 90 91 99 98 103 104 147 154 171 172 184 194 224 239 269 271 281 195 232 247 75 76 96 139 149 213 223 244 273 187 198 74 176 
184 90 172 214 164 171 194 202 216 163 154 155 185 169 210 213 238 207 222 224 153 147 149 150 152 165 192 203 225 223 240 244 265 201 230 239 144 139 145 151 140 146 173 197 220 227 241 266 268 277 206 250 252 134 143 117 138 166 114 126 215 226 261 285 196 243 249 264 269 118 125 142 156 108 115 107 120 183 209 271 273 106 110 119 127 133 162 83 205 221 105 129 
185 94 171 194 154 155 172 169 210 213 214 238 147 149 150 152 164 184 165 192 203 225 223 202 216 240 244 265 139 145 151 140 146 163 173 168 197 220 227 224 207 222 241 266 268 277 117 138 166 114 126 144 153 215 226 239 201 230 242 261 269 279 280 285 108 115 107 120 134 143 252 206 250 278 286 294 83 91 106 118 125 142 156 196 249 264 105 110 119 127 133 162 209 243 271 129 
186 50 174 187 198 159 180 176 195 211 218 160 177 199 167 260 217 231 132 161 178 208 232 259 135 162 181 191 204 212 234 246 256 124 182 190 200 233 247 245 258 209 219 229 248 196 205 221 206 189 179 188 
187 59 176 186 195 177 180 174 198 199 178 159 211 218 208 160 181 191 167 217 231 204 212 132 161 182 190 232 259 200 234 100 135 162 175 246 256 209 219 233 247 80 93 124 156 179 188 245 258 196 205 221 229 248 104 129 189 183 206 254 201 
188 93 175 189 179 182 205 162 181 200 209 254 156 161 178 190 204 219 196 221 258 143 183 160 177 191 208 233 206 229 247 125 142 144 132 176 199 212 234 248 201 243 118 127 133 134 146 153 135 180 187 195 232 207 249 263 106 110 119 129 126 140 152 163 174 186 198 217 231 246 202 222 250 262 87 105 120 101 112 121 124 145 150 164 159 218 214 216 230 252 264 267 99 224 239 
189 100 179 188 205 162 175 209 254 156 161 182 196 200 221 258 143 183 160 181 206 204 219 229 247 125 142 144 132 159 178 190 201 243 208 233 234 248 118 127 133 134 146 153 135 177 191 207 249 263 199 212 106 110 119 129 126 140 152 163 124 176 202 222 250 262 195 87 105 120 101 112 121 114 145 150 155 164 214 216 230 252 264 267 187 198 99 98 103 147 154 224 239 269 186 218 90 223 174 217 231 180 
190 80 181 191 204 178 182 208 200 160 177 175 199 212 209 219 132 159 161 176 179 188 195 234 196 205 221 233 100 135 174 162 180 187 189 198 232 247 183 206 254 229 248 80 93 124 186 156 218 217 231 246 258 201 243 104 129 143 259 245 256 276 153 207 249 263 96 103 121 133 142 291 202 222 250 262 112 216 230 252 264 267 
191 81 178 190 208 160 177 181 204 199 212 132 159 161 176 182 200 195 234 100 135 174 162 180 187 175 209 219 198 232 233 247 80 93 124 186 156 179 188 196 205 221 211 218 217 231 246 229 248 258 96 69 82 104 129 143 183 189 206 254 259 245 256 276 65 103 121 133 125 142 144 201 243 281 291 101 112 119 127 146 207 249 263 
192 59 168 169 170 149 165 194 139 151 154 173 185 210 213 214 238 117 138 147 166 150 171 203 225 223 184 202 216 240 244 265 108 114 115 145 152 155 172 197 220 227 224 207 222 241 266 83 140 146 164 239 201 230 126 144 163 252 134 143 153 
193 18 157 211 255 128 158 167 198 260 275 111 130 131 218 270 297 92 109 94 
194 92 169 185 210 213 214 238 149 165 192 171 203 225 223 184 202 216 240 244 265 139 151 154 173 168 155 172 197 220 227 224 207 222 241 266 268 277 117 138 147 166 150 152 164 215 226 239 201 230 242 261 269 279 280 285 108 114 115 145 140 146 163 252 153 206 250 278 286 294 83 126 144 196 243 249 264 274 303 120 134 143 183 209 271 118 125 142 156 205 221 284 127 133 
195 56 187 198 199 176 186 211 218 177 208 180 174 167 260 217 231 178 191 204 212 159 232 259 160 181 190 200 234 246 256 132 161 182 209 219 233 247 245 258 100 135 162 175 196 205 221 229 248 124 179 188 183 206 189 254 201 243 
196 121 183 206 209 156 201 243 200 205 221 143 162 153 207 249 263 182 204 219 189 254 229 125 142 144 161 179 163 202 222 250 262 175 181 190 208 233 188 258 118 127 133 134 146 160 164 214 216 230 252 264 267 178 191 199 212 234 248 247 106 110 119 129 126 140 152 172 184 194 224 239 269 271 281 177 195 232 87 105 107 120 101 112 121 124 114 145 150 155 169 185 210 213 238 223 244 268 273 284 176 187 198 217 231 246 90 99 98 103 135 147 154 171 274 180 186 218 245 76 104 132 174 
197 59 203 215 210 220 141 226 228 194 225 227 123 242 169 185 213 214 238 116 241 272 149 165 192 171 223 184 202 216 240 244 265 261 139 151 154 173 155 172 224 207 222 266 268 277 117 138 147 150 166 152 164 239 201 230 140 163 252 250 249 
198 54 186 195 211 218 174 187 199 167 193 260 217 231 159 180 176 177 208 131 270 232 259 160 178 191 204 212 234 246 256 132 161 181 190 200 233 247 245 258 135 182 209 219 229 248 276 175 196 205 221 179 188 183 206 189 
199 68 177 195 208 176 178 187 198 191 204 212 180 160 181 186 211 218 190 200 234 174 132 159 161 182 167 217 231 209 219 232 233 247 100 135 162 175 259 196 205 221 246 229 248 258 80 93 124 156 179 188 256 183 206 189 254 245 276 104 129 143 201 243 281 291 121 133 207 263 
200 88 182 204 209 219 175 181 190 208 196 205 221 233 179 188 178 191 199 212 183 206 189 254 229 234 248 162 160 177 195 156 201 243 258 232 247 161 132 159 176 187 198 143 153 207 249 263 217 231 246 100 135 174 180 186 218 125 142 144 163 202 222 250 262 259 245 124 118 127 133 134 146 214 216 230 252 264 267 256 129 106 119 126 140 152 224 239 269 223 
201 120 153 206 207 144 163 196 243 202 222 134 143 146 164 183 209 249 263 214 216 230 118 125 142 156 126 140 152 172 200 205 221 250 262 184 194 224 106 110 119 127 133 162 120 114 145 150 155 171 182 204 219 189 254 229 252 264 267 169 185 210 213 238 223 239 244 87 105 101 112 121 129 161 179 107 147 154 175 181 190 208 233 188 269 271 281 149 165 192 203 225 240 265 268 90 99 98 103 124 91 139 178 191 199 212 234 248 273 284 173 197 220 227 279 160 177 195 247 278 187 258 
202 105 207 214 216 201 222 184 194 224 153 206 230 172 169 185 210 213 238 223 239 244 144 163 196 243 250 164 171 149 165 192 203 225 240 265 252 268 134 143 146 183 209 249 263 264 154 155 139 151 173 197 220 227 241 266 277 269 279 118 125 142 156 126 140 152 200 205 221 262 271 147 150 117 138 166 215 226 261 285 273 278 286 127 133 120 145 182 204 219 189 254 229 267 284 108 274 290 190 208 233 179 188 282 181 162 175 
203 67 197 210 220 215 194 225 226 227 141 228 169 185 213 214 238 242 123 149 165 192 171 223 184 202 216 240 244 265 241 272 139 151 154 173 155 172 224 207 222 266 268 277 117 138 147 166 150 152 164 239 201 230 261 285 108 145 140 146 163 252 206 250 144 153 269 249 264 
204 87 190 200 208 181 191 182 209 219 199 212 178 175 196 205 221 233 177 195 234 160 179 188 183 206 189 254 229 248 176 187 198 232 247 132 159 161 162 156 201 243 258 180 186 211 218 217 231 246 100 135 174 143 153 207 249 263 259 245 80 93 124 125 142 144 163 202 222 250 262 256 104 129 118 127 133 134 146 214 216 230 252 264 267 119 126 224 239 
205 102 189 209 254 179 188 196 200 221 258 162 175 183 206 182 204 219 229 247 256 276 156 161 201 243 181 190 208 233 234 246 248 143 160 153 207 249 263 178 191 199 212 125 142 144 132 163 202 222 250 262 177 195 118 127 133 134 146 135 164 214 216 230 252 264 267 176 187 198 106 110 119 129 126 140 152 184 194 224 239 269 271 281 180 186 218 87 105 120 101 112 121 124 145 150 213 223 244 273 174 217 231 99 
206 112 196 201 243 183 209 153 207 249 263 156 200 205 221 144 163 202 222 250 262 143 162 182 204 219 189 254 229 134 146 164 214 216 230 252 264 267 125 142 161 179 175 181 190 208 233 188 258 118 126 140 152 172 184 194 224 239 269 271 281 127 133 160 178 191 199 212 234 248 247 106 110 119 120 114 145 150 155 171 169 185 210 213 238 223 244 268 273 284 129 177 195 232 105 147 154 203 225 274 282 121 124 176 187 198 246 278 112 135 180 186 218 103 
207 111 201 202 222 153 206 214 216 230 144 163 196 243 184 194 224 250 134 143 146 164 183 209 249 263 172 169 185 210 213 238 223 239 244 252 264 118 125 142 156 126 140 152 200 205 221 262 171 149 165 192 203 225 240 265 268 269 271 106 110 119 127 133 162 120 114 145 150 155 182 204 219 189 254 229 267 154 139 151 173 197 220 227 241 266 277 279 273 284 105 129 147 175 181 190 208 233 179 188 117 138 166 215 278 286 274 282 191 199 212 248 290 
208 78 191 199 204 212 178 190 177 195 200 234 160 181 176 187 198 182 209 219 232 233 247 132 159 161 180 186 211 218 175 196 205 221 217 231 246 229 248 258 100 135 174 162 179 188 183 206 189 254 259 245 256 276 80 93 124 156 201 243 281 291 104 129 143 153 207 249 263 298 96 103 121 133 142 202 222 250 112 127 
209 109 196 200 205 221 183 206 182 204 219 189 254 229 156 201 243 175 181 190 208 233 179 188 258 143 162 153 207 249 263 178 191 199 212 234 248 247 256 276 125 142 144 161 163 202 222 250 262 160 177 195 232 118 127 133 134 146 164 214 216 230 252 264 267 132 176 187 198 217 231 246 106 110 119 129 126 140 152 184 194 224 239 269 271 281 135 180 186 218 259 245 87 105 120 101 112 121 124 145 150 155 185 213 223 244 273 174 99 103 159 
210 81 194 203 225 169 185 213 214 238 197 220 227 149 165 192 171 223 184 202 216 240 244 265 215 226 139 151 154 173 168 155 172 224 207 222 241 266 268 277 141 228 242 117 138 147 166 150 152 164 239 201 230 261 279 285 272 108 115 145 140 146 163 252 206 250 286 294 83 114 126 144 153 269 196 249 264 120 134 143 273 243 142 
211 42 167 193 198 260 131 158 157 255 186 195 218 270 113 130 128 174 187 199 217 231 287 102 109 159 180 176 177 208 232 259 289 95 97 94 178 191 204 212 234 246 256 245 
212 72 208 234 191 199 204 232 233 247 178 190 177 195 200 217 231 246 219 229 248 258 160 181 176 187 198 182 209 218 259 245 221 254 256 276 132 159 161 180 186 211 175 196 205 281 291 100 135 174 162 179 188 183 206 189 298 80 93 124 156 201 243 104 129 143 207 249 263 121 133 142 222 112 
213 86 194 223 169 185 210 214 238 224 149 165 192 171 203 225 184 202 216 240 244 265 239 139 151 154 173 168 155 172 197 220 227 207 222 241 266 268 277 252 117 138 147 166 150 152 164 215 226 201 230 242 261 269 279 280 285 250 108 115 145 140 146 163 153 206 278 286 294 249 264 83 114 126 144 196 243 271 107 120 134 143 183 209 284 142 156 205 
214 93 184 194 202 216 172 169 185 210 213 238 207 222 224 164 171 149 165 192 203 225 223 240 244 265 201 230 239 163 154 155 139 151 173 168 197 220 227 241 266 268 277 153 206 250 252 147 150 152 117 138 166 215 226 242 261 279 285 144 196 243 249 264 269 145 140 146 108 115 286 294 134 143 183 209 263 271 273 114 126 83 142 156 200 205 221 284 274 204 219 189 229 179 188 
215 48 141 197 226 228 123 138 148 203 220 242 251 116 122 136 210 227 241 272 236 84 137 194 225 240 261 304 169 185 213 214 238 266 280 149 165 171 223 184 202 216 265 173 154 155 172 224 207 222 
216 98 202 214 222 224 207 184 194 230 223 239 244 201 172 169 185 210 213 238 250 252 268 153 206 164 171 149 165 192 203 225 240 265 249 264 269 279 144 163 196 243 154 155 139 151 173 197 220 227 241 266 277 271 273 278 286 134 143 146 183 209 263 147 150 152 117 138 166 215 226 261 285 284 274 290 125 142 156 126 140 200 205 221 262 145 108 282 120 182 204 219 189 229 283 190 179 188 233 175 
217 47 218 232 198 231 234 246 186 195 211 259 212 233 247 245 174 187 199 167 260 256 208 219 229 248 258 159 180 176 177 191 204 200 221 254 276 160 178 190 182 209 291 181 175 196 205 188 189 
218 53 198 217 231 186 195 211 232 259 174 187 199 167 193 260 234 246 256 159 180 176 177 208 270 212 233 247 245 258 160 178 191 204 219 229 248 254 276 132 161 181 190 200 221 135 182 209 175 196 205 179 188 206 189 
219 82 200 221 233 182 204 209 229 234 248 175 181 190 208 196 205 212 232 247 179 188 178 191 199 183 206 189 254 217 231 246 258 162 160 177 195 156 201 243 218 259 245 256 276 161 132 159 176 187 198 143 153 207 249 263 281 291 135 180 186 125 142 144 163 202 222 250 262 124 174 118 127 133 134 146 214 216 230 252 264 267 224 239 
220 61 203 226 227 197 210 215 242 225 194 141 228 241 272 169 185 213 214 238 261 149 165 192 171 223 184 202 216 240 244 265 139 151 154 173 155 172 224 207 222 266 268 277 117 138 147 150 166 152 164 239 201 230 285 108 145 140 146 163 252 250 249 
221 100 209 219 229 196 200 205 233 183 206 182 204 189 254 234 248 156 201 243 175 181 190 208 179 188 258 212 232 247 143 162 153 207 249 263 178 191 199 217 231 246 125 142 144 161 163 202 222 250 262 160 177 195 218 259 245 118 127 133 134 146 164 214 216 230 252 264 267 132 176 187 198 256 106 110 119 129 126 140 152 184 194 224 239 269 271 281 135 180 186 105 121 124 120 145 150 223 244 273 174 112 
222 106 207 216 230 201 202 214 224 250 153 206 184 194 223 239 244 249 252 264 144 163 196 243 172 169 185 210 213 238 268 269 271 134 143 146 164 183 209 263 171 149 165 192 203 225 240 265 279 273 284 118 125 142 156 126 140 152 200 205 221 262 154 155 139 151 173 197 220 227 241 266 277 278 286 274 282 119 127 133 120 145 150 182 204 219 189 254 229 267 147 117 138 166 215 290 285 283 288 190 208 233 179 188 181 212 162 175 
223 90 213 224 194 216 239 244 169 185 210 214 238 202 222 252 268 149 165 192 171 203 225 184 240 265 207 230 250 269 279 139 151 154 173 168 155 172 197 220 227 241 266 277 201 249 264 273 278 286 117 138 147 166 150 152 164 215 226 261 285 153 206 243 271 274 290 108 145 140 146 163 242 294 144 196 263 284 83 114 126 134 183 209 262 282 200 205 221 267 189 229 
224 94 216 223 239 244 202 214 222 213 252 238 268 207 184 194 230 250 269 240 265 279 201 172 169 185 210 249 264 273 241 266 277 278 286 153 206 164 171 149 165 192 203 225 243 271 274 242 261 280 285 290 144 163 196 154 155 139 151 173 197 220 227 263 284 294 302 134 143 146 183 209 147 150 152 117 138 166 215 262 282 142 126 140 156 200 205 221 145 267 204 219 189 229 179 188 
225 65 210 227 194 203 220 169 185 213 214 238 197 226 149 165 192 171 223 184 202 216 240 244 265 215 242 139 151 154 173 155 172 224 207 222 241 266 268 277 228 272 117 138 147 166 150 152 164 239 201 230 261 285 108 145 140 146 163 252 206 250 144 153 269 249 264 
226 40 215 220 242 141 197 228 203 227 241 272 123 138 148 251 210 225 240 261 304 116 122 136 236 194 238 266 280 84 169 185 213 214 244 265 171 223 184 202 216 224 
227 54 220 225 203 226 210 197 215 242 194 141 228 241 272 169 185 213 214 238 149 165 192 171 223 184 202 216 240 244 265 139 151 154 173 155 172 224 207 222 266 277 117 138 147 150 166 152 164 239 201 230 140 163 252 250 
228 17 215 251 141 197 226 236 253 123 203 220 242 235 210 227 241 272 225 
229 87 221 233 209 219 234 248 196 200 205 212 232 247 183 206 182 204 189 254 208 217 231 246 258 156 201 243 175 181 190 179 188 191 199 218 259 245 256 276 143 162 153 207 249 263 178 177 195 198 291 125 142 144 161 163 202 222 250 262 160 176 187 186 118 127 133 134 146 214 216 230 252 264 267 132 180 106 110 119 129 126 140 152 224 239 269 174 223 
230 91 222 250 207 216 249 252 264 201 202 214 224 243 239 269 271 153 206 184 194 223 244 263 268 273 284 144 163 196 172 169 185 210 213 238 262 279 274 282 134 143 146 164 183 209 171 149 165 192 203 225 240 265 267 277 278 286 283 288 125 142 156 126 140 152 200 205 221 154 155 139 173 197 220 227 241 266 281 290 292 204 219 189 229 147 150 166 190 179 188 233 175 
231 47 218 232 259 198 217 234 246 256 186 195 211 212 233 247 245 258 174 187 199 167 260 208 219 229 248 254 276 159 180 176 177 191 204 200 221 291 160 178 190 182 209 181 175 196 205 188 189 
232 52 217 231 234 246 218 259 212 233 247 245 198 256 208 219 229 248 258 186 195 211 191 199 204 200 221 254 276 174 187 178 190 177 182 209 281 291 159 180 176 160 181 175 196 205 132 161 179 188 183 206 189 135 
233 73 219 229 234 248 200 221 212 232 247 182 204 209 208 217 231 246 258 175 181 190 196 205 191 199 218 259 245 254 256 276 179 188 178 183 206 189 177 195 198 281 291 162 160 156 201 243 176 187 186 298 161 132 143 153 207 249 263 180 174 135 125 142 144 202 222 250 262 159 127 133 146 216 252 
234 63 212 232 233 247 208 217 231 246 219 229 248 258 191 199 204 218 259 245 200 221 254 256 276 178 190 177 195 198 182 209 205 281 291 160 181 176 187 186 211 175 196 189 267 298 132 159 161 180 174 179 188 183 206 262 100 135 162 156 201 243 93 124 129 
235 6 236 237 251 257 228 253 
236 10 235 251 237 228 253 305 257 215 295 226 
237 7 235 257 236 253 296 251 307 
238 76 194 240 244 265 169 185 210 213 214 241 266 224 268 277 149 165 192 171 203 225 223 184 202 216 242 261 239 269 279 280 285 139 151 154 173 155 172 197 220 227 207 222 226 272 252 273 278 286 294 117 138 147 166 150 152 164 215 201 230 250 274 290 303 108 145 140 146 163 206 249 264 144 153 196 243 271 
239 76 224 252 216 223 244 250 269 202 214 222 213 238 268 230 249 264 273 207 184 194 240 265 279 243 271 274 201 172 169 185 210 241 266 277 278 286 206 263 284 153 164 171 149 165 203 225 290 285 196 262 282 163 154 155 139 173 197 220 227 183 209 267 283 288 156 200 205 221 281 292 204 219 189 229 179 188 
240 68 238 241 266 194 244 265 242 261 169 185 210 213 214 224 268 277 226 272 280 149 165 192 171 203 225 223 184 202 216 239 269 279 285 215 299 139 151 154 173 155 172 197 220 227 207 222 252 273 278 286 294 117 138 147 150 166 152 164 201 230 250 274 290 303 140 163 249 264 
241 56 240 242 261 238 266 226 272 280 194 244 265 215 220 277 299 169 185 210 213 214 224 268 141 197 228 203 227 279 285 304 149 165 192 171 225 223 184 202 216 239 269 278 286 294 139 173 154 155 172 207 222 252 147 164 230 250 
242 32 226 241 272 215 220 240 261 304 141 197 228 203 227 238 266 280 299 123 148 251 210 225 194 244 265 116 136 185 213 214 224 277 
243 87 206 249 263 196 201 250 262 183 209 153 207 230 252 264 267 156 200 205 221 144 163 202 222 239 269 271 281 143 162 182 204 219 189 254 229 134 146 164 214 216 224 268 273 284 276 125 142 161 179 175 181 190 208 233 188 126 140 152 184 194 223 244 279 274 282 118 127 133 178 191 199 212 234 248 120 213 238 278 286 283 288 106 119 129 177 195 247 
244 76 224 238 268 216 223 239 194 240 265 269 279 202 214 222 213 252 169 185 210 241 266 277 273 278 286 207 184 230 250 149 165 192 171 203 225 242 261 280 285 274 290 201 172 249 264 139 154 173 155 197 220 227 226 294 302 153 206 164 243 271 147 166 152 303 301 144 163 196 263 284 146 183 209 262 205 221 
245 46 246 256 232 247 258 259 217 231 234 248 254 276 218 212 233 281 291 198 208 219 229 298 186 195 211 191 199 204 200 221 174 187 178 190 177 182 209 159 180 176 160 181 175 196 205 189 
246 50 232 245 247 217 231 234 256 248 258 218 259 212 233 254 276 198 208 219 229 205 281 291 186 195 211 191 199 204 200 221 298 174 187 178 190 177 182 209 159 180 176 160 181 175 196 132 161 179 188 206 
247 56 234 246 248 258 212 232 233 245 254 256 276 208 217 231 219 229 205 259 281 291 191 199 204 218 200 221 189 209 267 298 178 190 177 195 198 182 179 188 196 262 160 181 176 187 186 175 206 132 159 161 180 174 100 135 162 124 
248 60 233 247 219 229 234 246 258 200 221 212 232 245 254 256 276 182 204 209 208 217 231 205 259 281 291 175 181 190 196 191 199 218 189 298 179 188 178 183 206 177 195 198 162 160 156 201 243 176 187 186 161 132 143 207 249 263 180 174 135 142 
249 87 243 250 206 263 230 252 264 196 201 262 222 239 269 271 183 209 153 207 267 216 224 268 273 284 156 200 205 221 144 163 202 281 214 223 244 279 274 282 143 162 182 204 219 189 254 229 146 184 194 213 238 277 278 286 283 288 125 142 175 181 190 208 233 179 188 172 169 185 210 240 265 285 290 293 292 191 212 248 164 171 149 165 203 225 300 197 220 
250 89 230 249 252 264 222 243 239 269 271 207 216 206 263 224 268 273 284 201 202 214 196 262 223 244 279 274 282 153 184 194 183 209 267 213 238 277 278 286 283 288 144 163 172 169 185 210 156 200 205 221 281 240 265 285 290 293 292 146 164 171 149 165 203 225 143 162 182 204 219 189 254 229 241 266 300 154 155 173 197 220 227 142 190 208 233 179 188 181 175 
251 12 228 236 253 305 215 235 257 295 226 237 306 242 
252 79 239 250 269 224 230 249 264 268 273 216 223 244 222 243 271 279 274 202 214 213 238 207 206 263 284 277 278 286 184 194 240 265 201 196 262 282 285 290 172 169 185 210 241 266 153 183 209 267 283 288 164 171 149 165 203 225 144 156 200 205 221 281 293 292 197 220 143 182 204 219 189 254 229 300 190 233 179 188 175 
253 10 251 257 295 228 236 305 237 296 306 235 
254 63 205 258 189 209 247 256 276 179 188 196 200 221 234 246 248 245 259 281 291 162 175 183 206 182 204 219 229 212 232 233 231 156 161 201 243 181 190 208 217 218 143 160 153 207 249 263 178 191 199 125 142 144 202 222 250 262 177 195 127 133 146 252 187 
255 13 193 260 275 157 211 270 297 128 158 287 111 130 289 
256 43 245 258 259 246 247 254 276 231 232 234 248 205 281 291 218 217 212 233 209 298 198 208 219 229 186 195 211 191 199 204 200 221 174 187 178 190 177 182 159 180 176 160 181 
257 8 237 253 296 235 251 295 307 236 
258 57 247 254 256 276 234 246 248 205 245 259 281 291 212 232 233 189 209 231 267 298 208 217 219 229 179 188 196 200 221 218 262 191 199 204 162 175 183 206 198 263 178 190 177 195 186 160 181 176 187 174 132 159 161 182 180 135 124 
259 42 231 256 218 232 245 258 198 217 234 246 247 254 276 186 195 211 212 233 248 281 291 174 187 199 208 219 229 298 159 180 176 177 191 204 200 221 160 178 190 182 209 181 
260 19 211 255 270 167 193 198 275 287 131 158 186 195 218 289 113 174 187 217 231 
261 40 241 266 280 240 242 265 277 299 238 226 272 279 285 303 304 194 244 215 220 268 278 286 294 169 185 210 213 214 224 197 274 290 165 171 203 225 223 184 202 216 
262 51 263 267 243 281 206 249 276 196 201 250 258 291 183 209 153 207 230 252 264 247 298 156 200 205 221 202 222 239 269 271 234 143 182 204 219 189 254 229 216 224 268 273 284 190 233 179 188 223 244 274 175 
263 66 243 262 206 249 267 196 201 250 281 183 209 153 207 230 252 264 276 156 200 205 221 144 163 202 222 239 269 271 258 291 143 162 182 204 219 189 254 229 146 214 216 224 268 273 284 125 142 175 181 190 208 233 179 188 223 244 274 282 133 191 199 212 248 213 278 194 
264 69 250 271 230 249 252 284 222 243 239 269 282 207 216 206 263 224 268 273 283 288 201 202 214 196 262 223 244 279 274 293 292 153 184 194 183 209 267 213 238 277 278 286 301 300 172 169 185 210 156 200 205 221 281 240 265 290 302 164 171 203 225 204 219 189 229 190 179 188 175 
265 68 238 266 277 194 240 244 261 279 280 285 169 185 210 213 214 241 224 268 278 286 299 294 149 165 192 171 203 225 223 184 202 216 242 239 269 274 290 303 139 154 173 155 172 197 220 227 207 222 226 252 273 302 117 147 166 152 164 201 230 215 250 301 151 140 150 163 249 264 
266 58 240 261 265 238 241 280 277 194 244 242 299 279 285 169 185 210 213 214 224 268 226 272 304 278 286 294 149 165 192 171 203 225 223 184 202 216 239 269 215 274 290 303 139 154 173 155 172 197 220 227 207 222 252 273 302 164 230 250 
267 44 262 281 263 276 243 258 291 206 249 247 298 196 201 250 234 183 209 207 230 252 264 156 200 205 221 202 222 239 269 271 204 219 189 229 224 273 284 190 179 188 233 216 223 175 
268 60 244 269 279 224 238 252 273 277 278 286 216 223 239 194 240 265 250 274 280 285 290 202 214 222 213 169 185 210 241 266 230 249 264 261 294 302 207 184 149 165 171 203 225 243 271 303 301 201 172 154 197 220 206 263 284 293 300 164 196 262 
269 59 252 268 273 239 250 244 279 274 224 230 249 264 238 277 278 286 216 223 222 243 271 194 240 265 280 285 290 202 214 213 207 206 263 284 185 241 266 294 302 184 201 196 262 282 303 301 172 183 209 267 283 288 200 205 221 281 292 189 229 
270 12 260 287 211 255 289 167 193 198 275 131 158 218 
271 47 264 284 250 282 230 249 252 283 288 222 243 239 269 293 292 207 216 206 263 224 268 273 301 300 201 202 214 196 262 223 244 279 274 302 184 194 183 209 267 213 238 278 286 290 185 205 221 
272 19 242 304 226 241 299 215 220 240 261 303 141 197 228 203 227 238 266 210 225 
273 51 269 274 252 268 278 239 250 244 279 290 224 230 249 264 238 277 286 294 302 216 223 222 243 271 240 265 280 285 303 301 202 214 213 207 206 263 284 293 300 184 194 201 196 262 282 183 209 267 283 205 221 
274 48 273 278 269 279 290 252 268 277 286 294 302 239 250 244 265 280 285 303 301 224 230 249 264 238 266 261 299 293 300 216 223 222 243 271 240 283 292 202 214 213 207 206 263 284 194 201 196 262 
275 6 255 297 193 260 157 270 
276 48 258 281 291 247 254 256 267 289 292 298 234 246 248 205 245 259 262 288 212 232 233 209 231 263 208 217 219 229 218 243 191 199 204 200 221 198 178 190 177 195 182 160 181 176 187 175 180 186 
277 57 265 279 280 285 238 266 268 278 286 261 299 294 194 240 244 269 274 290 241 303 304 169 185 210 213 214 224 252 273 302 149 165 171 203 225 223 184 202 216 239 250 301 139 173 154 155 172 197 220 227 207 222 230 249 264 293 300 
278 51 274 279 290 273 268 277 286 294 302 269 244 265 280 285 303 301 252 224 238 266 261 299 293 300 239 250 216 223 194 240 241 283 292 230 249 264 202 214 222 213 185 282 288 243 271 207 184 206 263 284 201 
279 49 268 277 278 286 244 269 265 280 285 274 290 224 238 252 273 266 261 299 294 302 216 223 239 194 240 250 241 303 301 202 214 222 213 185 210 230 249 264 293 300 207 184 243 271 283 292 201 172 284 
280 30 261 277 299 241 266 265 279 285 303 304 240 242 238 268 278 286 294 302 226 194 244 269 274 290 301 215 185 213 224 273 
281 37 267 276 262 258 291 263 247 254 256 298 243 234 246 248 245 259 206 249 212 232 233 196 201 250 208 219 183 209 230 252 264 191 199 205 221 239 269 
282 33 283 284 288 293 271 292 301 264 291 300 302 250 290 303 230 249 252 278 286 294 222 243 239 269 279 207 216 206 263 224 273 202 223 
283 28 282 293 284 288 301 271 292 300 302 264 290 303 250 278 286 294 230 249 252 274 279 285 222 243 239 269 216 273 
284 40 271 282 264 283 288 250 293 292 230 249 252 301 300 222 243 239 269 302 207 216 206 263 224 268 273 290 303 201 202 214 196 262 223 244 279 274 194 267 213 278 
285 47 277 286 294 265 279 280 290 303 238 266 268 278 261 299 302 194 240 244 269 274 241 304 301 169 185 210 213 214 224 252 273 293 300 165 171 203 225 223 184 202 216 239 250 283 292 220 249 
286 47 279 285 290 268 277 278 294 302 244 269 265 280 274 303 301 224 238 252 273 266 261 299 293 300 216 223 239 194 240 250 241 283 292 202 214 222 213 185 230 249 264 282 288 207 184 243 271 
287 8 270 289 260 291 211 255 298 167 
288 27 282 292 283 284 291 300 293 271 276 298 301 264 302 250 290 303 230 249 252 278 286 294 222 243 239 269 279 
289 8 287 291 270 276 298 260 211 255 
290 42 278 286 294 302 274 279 285 303 301 273 268 277 299 293 300 269 244 265 280 304 283 292 252 224 238 266 282 288 239 250 216 223 240 284 230 249 264 202 222 213 271 207 
291 35 276 289 292 298 258 281 287 288 300 247 254 256 267 282 234 246 248 245 259 262 212 232 233 231 263 208 217 219 229 191 199 204 200 178 190 
292 27 288 291 300 282 276 298 301 283 284 293 302 271 290 303 264 278 286 294 250 274 279 285 230 249 252 239 269 
293 27 283 301 282 300 302 284 288 292 290 303 271 278 286 294 299 264 274 279 285 304 250 273 268 277 249 252 269 
294 36 285 290 303 277 286 278 302 299 265 279 280 274 301 304 238 266 268 261 273 293 300 194 240 244 269 241 283 292 185 210 213 214 224 282 288 223 
295 8 253 296 306 251 257 307 305 236 
296 7 257 295 307 237 253 306 305 
297 3 275 255 193 
298 22 291 300 276 289 292 301 258 281 287 288 247 256 267 234 246 248 245 259 262 212 233 208 
299 22 280 303 304 261 277 294 302 272 305 241 266 265 279 285 290 301 242 240 278 286 293 300 
300 27 292 298 301 288 291 293 302 282 283 290 303 284 278 286 294 299 271 274 279 285 264 273 268 277 250 249 252 
301 30 293 300 302 283 292 298 290 303 282 288 278 286 294 299 284 274 279 285 280 304 271 273 268 277 264 269 244 265 252 250 
302 32 290 301 303 278 286 294 293 300 299 274 279 285 283 292 280 304 273 268 277 282 288 269 244 265 284 252 224 266 271 239 250 264 
303 31 294 299 302 285 290 280 304 301 277 286 278 261 272 293 300 265 279 274 283 292 238 266 268 273 282 288 194 240 244 269 284 
304 19 272 299 305 242 280 303 226 261 277 294 302 215 241 266 285 290 301 286 293 
305 9 251 304 306 236 253 299 295 307 296 
306 6 295 305 307 253 296 251 
307 6 296 306 257 295 305 237 
-1