48.61
50.01
52.84
52.98
53.2
53.56
53.42
52.77
55.46
57.08
59.02
60.67
61.46
62.28
63.07
64.4
67.2
69.78
71.94
74.2
75.21
76.68
76.64
74.42
71.87
70.04
68.67
67.49
67.42
67.45
68.89
70.97
72.58
73.05
73.23
72.87
72.08
70.9
69.96
68.1
67.31
67.63
68.24
68.42
69.17
70.5
71.26
71.47
71.01
70.29
69.53
68.85
68.17
67.99
67.63
67.88
68.6
69.21
69.75
69.78
70.04
70.07
69.64
69.03
68.28
67.77
67.31
67.27
67.38
67.74
68.13
68.6
68.71
68.67
68.17
67.85
67.31
66.81
65.73
65.15
64.72
63.61
63.25
62.82
62.57
62.46
62.68
62.5
61.71
60.92
59.45
58.19
56.97
55.1
53.59
51.55
49.83
47.46
44.73
42.25
39.63
38.98
40.6
43.44
45.48
47.24
48.78
49.68
49.75
49.07
47.31
44.73
43.22
42.43
42.29
42.5
43.47
45.55
46.13
47.74
48.25
48.07
47.53
46.49
45.27
44.58
43.76
43.65
44.05
44.87
46.06
46.67
48.14
48.53
48.5
48.14
47.96
47.35
46.85
46.99
46.67
46.81
47.46