50.1812189092689990 -3.3361025443884045 2487492.0424075574000000 -0.9747628721834841 49326.6119836941360000
50.3812189092690020 -3.3325414751963960 2491156.4996597581000000 -0.9747291058286401 49414.8960622288290000
50.5812189092689980 -3.3291699010037665 2494456.4833927453000000 -0.9747318821874758 49431.7506332483610000
50.7812189092690010 -3.3256948160156061 2497964.9544677474000000 -0.9747277247531924 49462.1699858361390000
50.9812189092690030 -3.3223191676902162 2501284.8045136034000000 -0.9747014216367732 49535.9581481432540000
51.1812189092689990 -3.3187862340226006 2504918.6718344223000000 -0.9746746779312796 49610.6548392151020000
51.3812189092690020 -3.3154045876579241 2508262.2263930747000000 -0.9746734147051235 49635.4606826065570000
51.5812189092689980 -3.3119639752824264 2511727.3109894739000000 -0.9746670113106624 49670.3461265673400000
51.7812189092690010 -3.3085833394911544 2515080.7658686209000000 -0.9746441242628267 49737.5759183263870000
51.9812189092690030 -3.3051784265216773 2518487.7768435786000000 -0.9746554827616629 49737.6395512213930000
52.1812189092689990 -3.3017276944722860 2521990.7019489044000000 -0.9746041807877414 49860.7062152386640000
52.3812189092690020 -3.2984191798522917 2525220.3160956614000000 -0.9746174066874062 49857.1151419074740000
52.5812189092689980 -3.2949530384458856 2528765.4685727432000000 -0.9745811012306617 49950.8341733368580000
52.7812189092690010 -3.2916145281953217 2532065.7623195620000000 -0.9745548262912818 50024.8963856718040000
52.9812189092690030 -3.2882706127018082 2535382.5246892897000000 -0.9745709314241725 50015.6479124522300000
53.1812189092689990 -3.2849494295898354 2538660.4018385150000000 -0.9745629962192116 50053.6754809969570000
53.3812189092690020 -3.2815547614514760 2542088.7499965839000000 -0.9745335486085787 50134.0660894454920000
53.5812189092689980 -3.2782484388606337 2545349.0357048567000000 -0.9745062933264090 50210.1898295134310000
53.7812189092690010 -3.2748309032964666 2548834.2340642828000000 -0.9744834003379923 50277.7652138147970000
53.9812189092690030 -3.2715688694811669 2552018.8705449523000000 -0.9744879095574343 50291.3626844380050000
54.1812189092689990 -3.2682247165845477 2555371.1592859244000000 -0.9744778938015105 50333.5967792130540000
54.3812189092690020 -3.2648893054834800 2558712.0450989529000000 -0.9744538745085164 50403.4770775679500000
54.5812189092689980 -3.2615954777993563 2561976.6778552476000000 -0.9744214659469911 50489.9584826265930000
54.7812189092690010 -3.2583003246470912 2565249.6838009879000000 -0.9744164225841766 50522.4552354156040000
54.9812189092690030 -3.2550169163446028 2568505.2433469733000000 -0.9743840557688817 50608.9423471482000000
55.1812189092689990 -3.2517368682582828 2571759.8978916975000000 -0.9743657241849714 50667.7440176517700000
55.3812189092690020 -3.2484846444438036 2574965.2619619006000000 -0.9743779472932007 50666.1568512425290000
55.5812189092689980 -3.2452043189363051 2578231.9014068609000000 -0.9743659953436673 50712.3732864351480000
55.7812189092690010 -3.2419551506910596 2581442.6045550788000000 -0.9743316147549369 50803.0006914511320000
55.9812189092690030 -3.2386844999453759 2584701.5200198917000000 -0.9743122747356481 50863.9060778096320000
56.1812189092689990 -3.2354634819978507 2587867.8272123681000000 -0.9742961997810533 50918.3765813291540000
56.3812189092690020 -3.2321228298847404 2591276.8560111644000000 -0.9742542890950037 51024.0769166105890000
56.5812189092689980 -3.2289321033002181 2594394.4585530236000000 -0.9742599059933379 51035.6158153160940000
56.7812189092690010 -3.2256983347194246 2597603.0105394684000000 -0.9742232812502231 51130.9347533837430000
56.9812189092690030 -3.2225290628492336 2600689.2159205433000000 -0.9742202226360061 51159.7055870748590000
57.1812189092689990 -3.2193556693968519 2603789.1367265331000000 -0.9742307682295529 51161.4714410186280000
57.3812189092690020 -3.2161321731510659 2606994.1137772398000000 -0.9741824815044735 51280.0735020542050000
57.5812189092689980 -3.2128672548525339 2610287.0293559702000000 -0.9741480998032525 51371.1285145340950000
57.7812189092690010 -3.2097501980883263 2613291.6945057726000000 -0.9741708378710573 51348.6883024962150000
57.9812189092690030 -3.2065739334415730 2616419.5571853686000000 -0.9741464862312049 51419.8634432512340000
58.1812189092689990 -3.2033779971230820 2619592.1054021232000000 -0.9740851118177792 51564.7474051446190000
58.3812189092690020 -3.2002472402692028 2622640.4816008219000000 -0.9741047554212415 51548.4596567021220000
58.5812189092689980 -3.1969741529145392 2625977.7764605777000000 -0.9740457377029181 51688.7930262091100000
58.7812189092690010 -3.1938890115943752 2628946.3179140175000000 -0.9740446575354611 51713.7937234756540000
58.9812189092690030 -3.1907434373117489 2632040.7017988479000000 -0.9740412264409893 51743.4814272318040000
59.1812189092689990 -3.1876395342456845 2635057.4738348471000000 -0.9740380298184463 51772.7066078197680000
59.3812189092690020 -3.1844941026035500 2638162.5118483361000000 -0.9739907983562717 51889.7883576052260000
59.5812189092689980 -3.1813656036855766 2641239.2402374903000000 -0.9739618084878196 51970.5432264767590000
59.7812189092690010 -3.1781702070178284 2644455.0079721650000000 -0.9739271806768434 52062.6060673752800000
59.9812189092690030 -3.1751067880113699 2647412.6988807032000000 -0.9739318119163710 52076.3012430302330000
60.1812189092689990 -3.1719892149529909 2650483.9624987748000000 -0.9738934588697638 52175.8946177330800000
60.3812189092690020 -3.1689321235472878 2653439.7325105052000000 -0.9739016689386596 52182.4536229078660000
60.5812189092689980 -3.1658093121879065 2656532.2945119962000000 -0.9738541510810388 52300.4717379149520000
60.7812189092690010 -3.1627895618635979 2659424.0545703359000000 -0.9738640215524428 52303.7260703633070000
60.9812189092690030 -3.1597448171349201 2662371.1195454728000000 -0.9738649594511347 52324.8458987735210000
61.1812189092689990 -3.1565681816681672 2665587.6658488857000000 -0.9737989804935534 52479.9958926357790000
61.3812189092690020 -3.1535311273112177 2668530.0510531841000000 -0.9737656436963725 52569.8508294210770000
61.5812189092689980 -3.1504997978341636 2671466.2527094865000000 -0.9737882175247985 52547.6774384770540000
61.7812189092690010 -3.1474395320658868 2674465.7723766575000000 -0.9737682798068560 52610.7251108845230000
61.9812189092690030 -3.1443803319638328 2677468.4873736519000000 -0.9737246342107956 52721.3765881664590000
62.1812189092689990 -3.1414069178649497 2680304.3291806001000000 -0.9737114357750186 52770.9850087678060000
62.3812189092690020 -3.1383083668362879 2683396.6579091093000000 -0.9736820215778010 52853.1810097508130000
62.5812189092689980 -3.1353008343536790 2686311.5182988066000000 -0.9736753151570005 52889.8047982773280000
62.7812189092690010 -3.1322832950421660 2689251.7321999203000000 -0.9736309397861962 53002.1544572724960000
62.9812189092690030 -3.1292669601283571 2692194.7811589660000000 -0.9736172417084631 53052.8924275492320000
63.1812189092689990 -3.1262655853397598 2695112.9883230049000000 -0.9735838836693850 53143.2048436617480000
63.3812189092690020 -3.1232649829989323 2698034.8687851895000000 -0.9735665960745160 53201.2307189460840000
63.5812189092689980 -3.1203223666366768 2700845.2190072425000000 -0.9735427432236311 53272.5053338895090000
63.7812189092690010 -3.1173584691292029 2703703.5622409843000000 -0.9735603353224246 53260.3337517539040000
63.9812189092690030 -3.1143581186365488 2706640.5300004659000000 -0.9735248354486141 53355.1259198244660000
64.1812189092690060 -3.1113224987398351 2709653.8318646988000000 -0.9734739980848590 53480.9024752215480000
64.3812189092689950 -3.1084467960437641 2712349.8597803954000000 -0.9734724452428681 53507.3581545625350000
64.5812189092689980 -3.1054342710940706 2715326.9903468862000000 -0.9734204683587421 53635.5676062200220000
64.7812189092690010 -3.1024862633174966 2718179.1187912133000000 -0.9734004780830805 53699.2926547022070000
64.9812189092690030 -3.0995592129582499 2720994.0516855186000000 -0.9733795814172118 53764.8824536663010000
65.1812189092690060 -3.0965946557819897 2723889.8642599992000000 -0.9733545416168984 53838.8794428145050000
65.3812189092689950 -3.0937507536421180 2726546.9398155035000000 -0.9733495597153671 53872.3735114810990000
65.5812189092689980 -3.0907048697423005 2729617.4357247744000000 -0.9733063474374000 53983.1894851571410000
65.7812189092690010 -3.0878467260467928 2732313.3980585402000000 -0.9732826994790808 54054.4978274451570000
65.9812189092690030 -3.0849631947925205 2735065.7193377996000000 -0.9732573728302922 54129.2445179449860000
66.1812189092690060 -3.0820198818808175 2737944.1129050190000000 -0.9732322648252115 54203.5919540666510000
66.3812189092689950 -3.0792080746234425 2740561.2188425874000000 -0.9732268598484312 54238.0673327650870000
66.5812189092689980 -3.0761970859811565 2743586.8994219340000000 -0.9731856486904791 54345.1201997837050000
66.7812189092690010 -3.0733765778005386 2746231.6025067708000000 -0.9731696789334300 54401.0650905817750000
66.9812189092690030 -3.0704807372631451 2749034.0203706203000000 -0.9731409770706467 54482.8637749413030000
67.1812189092690060 -3.0675959824825658 2751818.9783915691000000 -0.9731225267988961 54543.9077578755100000
67.3812189092689950 -3.0646911378590223 2754649.7407917697000000 -0.9730589908262108 54696.5175908992530000
67.5812189092689980 -3.0619007858212703 2757253.0083534401000000 -0.9730656639370759 54706.6355706667530000
67.7812189092690010 -3.0589935667994581 2760098.5993369464000000 -0.9730306675170243 54801.4128505548000000
67.9812189092690030 -3.0561610345093886 2762797.4179847399000000 -0.9729917180183253 54904.2866713202090000
68.1812189092690060 -3.0533377572225500 2765482.3387590172000000 -0.9730122152179709 54886.3283362828660000
68.3812189092689950 -3.0504943095494728 2768213.2066477360000000 -0.9729624353030911 55011.3205559989440000
68.5812189092689980 -3.0477171806993510 2770814.0254038656000000 -0.9729404059585053 55079.9127915294380000
68.7812189092690010 -3.0448073114672658 2773689.9806598322000000 -0.9728953316581503 55195.4710245830940000
68.9812189092690030 -3.0420040437158020 2776353.8201384936000000 -0.9728648166940442 55281.4462276033590000
69.1812189092690060 -3.0392859914428909 2778848.8503101692000000 -0.9728824956163377 55269.2481361541430000
69.3812189092689950 -3.0363783324831446 2781735.2135716891000000 -0.9728178280990099 55424.9237666432750000
69.5812189092689980 -3.0336127871047984 2784336.7344746739000000 -0.9727970848118568 55491.1110842037010000
69.7812189092690010 -3.0308333834390475 2786971.3416456934000000 -0.9727766934776655 55556.6155239776710000
69.9812189092690030 -3.0279943339323787 2789732.5535888765000000 -0.9727420746550896 55651.2023038528860000
70.1812189092690060 -3.0252355670076869 2792334.7191265784000000 -0.9727139300392185 55732.6250627946570000
70.3812189092689950 -3.0223826126097455 2795134.1400755886000000 -0.9726723827663304 55841.4832919051410000
70.5812189092689980 -3.0196618733072964 2797668.2325678971000000 -0.9726685881927005 55873.2360888654370000
70.7812189092690010 -3.0169556566489772 2800177.3484878875000000 -0.9726308053740599 55974.5060385803230000
70.9812189092690030 -3.0141584865512852 2802877.2578753466000000 -0.9725996002532354 56062.3830205465200000
71.1812189092690060 -3.0114081094066965 2805486.2441194933000000 -0.9725725306174538 56141.8487204741690000
71.3812189092689950 -3.0086002130088110 2808217.7940791287000000 -0.9725124822757978 56288.8946229603610000
71.5812189092689980 -3.0059338599711394 2810664.2441223618000000 -0.9725191812600751 56299.3012232668700000
71.7812189092690010 -3.0031856849948970 2813283.0204877649000000 -0.9724868643870824 56389.6601005042900000
71.9812189092690030 -3.0004700252618495 2815839.8977849875000000 -0.9724587434877025 56471.4710824480280000
72.1812189092690060 -2.9977649743443124 2818379.7269951245000000 -0.9724228635748663 56569.2464962189550000
72.3812189092689950 -2.9950532662007912 2820937.9130755486000000 -0.9724033594714349 56633.4775897669610000
72.5812189092689980 -2.9923413278636963 2823501.2781798718000000 -0.9723797783223049 56706.1122825446070000
72.7812189092690010 -2.9895922323319919 2826145.6685984107000000 -0.9723500392319707 56791.4353465298190000
72.9812189092690030 -2.9869347697832382 2828606.5412254874000000 -0.9723358773551047 56844.8011538616850000
73.1812189092690060 -2.9842057296130458 2831219.1662474778000000 -0.9722609867587921 57023.0306348952000000
73.3812189092689950 -2.9815674019252993 2833649.9700076561000000 -0.9722695674021779 57029.7255714491480000
73.5812189092689980 -2.9788944212613560 2836156.6469710991000000 -0.9722467404160277 57101.0240810574030000
73.7812189092690010 -2.9761740157984007 2838765.5767339896000000 -0.9721990502457490 57223.5382093242370000
73.9812189092690030 -2.9735832171334544 2841112.3390368158000000 -0.9721791571873039 57288.8949093979320000
74.1812189092690060 -2.9709053252319659 2843643.0129929110000000 -0.9721511416489399 57371.0184264399580000
74.3812189092689950 -2.9681989327942011 2846237.0702285040000000 -0.9721025023536326 57495.6947983058640000
74.5812189092689980 -2.9655436686202683 2848730.4036717257000000 -0.9720775592669259 57571.5976345262020000
74.7812189092690010 -2.9628919519148504 2851221.0242185099000000 -0.9720466604696615 57659.8280835070180000
74.9812189092690030 -2.9602900661787737 2853613.4119142005000000 -0.9720094017073234 57761.2360323709440000
75.1812189092690060 -2.9575821851394641 2856229.1342496295000000 -0.9719543086586772 57899.5266209617260000
75.3812189092689950 -2.9549953350887828 2858599.5814806428000000 -0.9719610274274606 57910.2498130183670000
75.5812189092689980 -2.9523813232553615 2861030.6345746759000000 -0.9719307332122895 57997.4372907991060000
75.7812189092690010 -2.9497301714562538 2863542.9906788515000000 -0.9718770732167726 58132.9762711471410000
75.9812189092690030 -2.9471575744879202 2865897.4927728409000000 -0.9718664207134534 58179.6696490163450000
76.1812189092690060 -2.9445672239511795 2868293.1821989501000000 -0.9718401519013374 58258.6885075974280000
76.3812189092689950 -2.9419576339440132 2870733.1808375316000000 -0.9717853572462186 58396.7932249719740000
76.5812189092689980 -2.9393033303796874 2873270.2859629048000000 -0.9717600070901985 58474.0248432040680000
76.7812189092690010 -2.9367466381684326 2875609.7906983010000000 -0.9717258164150205 58569.6128294360820000
76.9812189092690030 -2.9341669642735262 2878001.3507091627000000 -0.9716965646040707 58655.0245347835590000
77.1812189092690060 -2.9315258991703859 2880524.6583970627000000 -0.9716499636698391 58776.4553315460220000
77.3812189092689950 -2.9290160726362049 2882780.3381633908000000 -0.9716361787324612 58829.9024863429370000
77.5812189092689980 -2.9264293067004927 2885200.0126953591000000 -0.9716107030615608 58907.6308982218620000
77.7812189092690010 -2.9238549356576127 2887598.4376288168000000 -0.9715729731828772 59010.8410113540010000
77.9812189092690030 -2.9213368892989244 2889884.3490264639000000 -0.9715409435668559 59102.2781450729820000
78.1812189092690060 -2.9187069073894523 2892407.1800588295000000 -0.9714779992642778 59257.9994093752470000
78.3812189092689950 -2.9162846874826069 2894502.7332251929000000 -0.9714909378949441 59256.1071603910530000
78.5812189092689980 -2.9136766040233137 2896988.9579861760000000 -0.9714380272680302 59391.1165500362400000
78.7812189092690010 -2.9110848330253436 2899445.7654126920000000 -0.9713933768042650 59509.0343243058310000
78.9812189092690030 -2.9086069531525789 2901670.0384627646000000 -0.9713709933117216 59580.6887677928900000
79.1812189092690060 -2.9060790506958694 2904002.7468600338000000 -0.9713272614597522 59696.8287345636640000
79.3812189092689950 -2.9035243966357527 2906395.5511502502000000 -0.9712887504908980 59802.1697268385910000
79.5812189092689980 -2.9010380189906866 2908650.5059115095000000 -0.9712647027043847 59877.4392879346850000
79.7812189092690010 -2.8985211078057453 2910973.4141448932000000 -0.9712471056822909 59939.3023624359630000
79.9812189092690030 -2.8960409457678855 2913224.0370451054000000 -0.9712176641295472 60025.8970412432680000
80.1812189092690060 -2.8934984283144241 2915609.0483262446000000 -0.9711606371409081 60170.0960891202560000
80.3812189092689950 -2.8910568998244277 2917787.6688058116000000 -0.9711392976969294 60239.9045948341950000
80.5812189092689980 -2.8885913772338201 2920020.6149530476000000 -0.9711080216201562 60330.4984271833670000
80.7812189092690010 -2.8860612519770323 2922392.7815436078000000 -0.9710712682544831 60432.5880571121820000
80.9812189092690030 -2.8835979093677264 2924629.7569799162000000 -0.9710416095481463 60519.9138587964700000
81.1812189092690060 -2.8811065935165594 2926929.4781113360000000 -0.9709925893000772 60647.7709659943360000
81.3812189092689950 -2.8786944238206149 2929067.9625521880000000 -0.9709725201336866 60715.1574392311740000
81.5812189092689980 -2.8762168856230752 2931347.4018996963000000 -0.9709236670318752 60842.8088761006950000
81.7812189092690010 -2.8736843868235860 2933746.1798292277000000 -0.9708606209146361 61000.2563344489320000
81.9812189092690030 -2.8713123946531312 2935813.1935811276000000 -0.9708533419486147 61041.0215017287990000
82.1812189092690060 -2.8688190368663720 2938138.5851297798000000 -0.9708062020788010 61165.3127299642660000
82.3812189092689950 -2.8664241513282054 2940261.8878283147000000 -0.9707826666910117 61240.2098179326860000
82.5812189092689980 -2.8639088620707183 2942641.8035234958000000 -0.9707367674826611 61362.0416332811580000
82.7812189092690010 -2.8615251282099492 2944750.0948458714000000 -0.9707140890625536 61435.2406870659910000
82.9812189092690030 -2.8590298356090416 2947096.6275126385000000 -0.9706466943472677 61602.3221519645300000
83.1812189092690060 -2.8566386180002441 2949228.9657402998000000 -0.9706298436101906 61663.4020788858180000
83.3812189092689950 -2.8543281034693999 2951195.9263183074000000 -0.9706288597945906 61691.1834362330850000
83.5812189092689980 -2.8518465549481373 2953526.2663304610000000 -0.9705672204700198 61846.4193611810920000
83.7812189092690010 -2.8494600397729424 2955661.1206808975000000 -0.9705153620857321 61981.2010111727290000
83.9812189092690030 -2.8469916310194625 2957972.3217799840000000 -0.9704733099579369 62095.4494501419830000
84.1812189092690060 -2.8446608054467557 2959998.3266134411000000 -0.9704395330419594 62192.3600883169570000
84.3812189092689950 -2.8422164392323004 2962267.3336672382000000 -0.9703880154549862 62326.6688603193030000
84.5812189092689980 -2.8398373771648830 2964403.0556521052000000 -0.9703678124433445 62395.1289802833930000
84.7812189092690010 -2.8374415988524082 2966578.0991955288000000 -0.9703276734550255 62505.6189943300560000
84.9812189092690030 -2.8351293690911081 2968581.2094937740000000 -0.9703145294280110 62559.2887838159220000
85.1812189092690060 -2.8327767017453782 2970673.5643801065000000 -0.9702500176074977 62721.2780562031550000
85.3812189092689950 -2.8303701972595312 2972883.5315328846000000 -0.9702037049067709 62844.9942939281460000
85.5812189092689980 -2.8280440134441069 2974928.1750914417000000 -0.9702003938487424 62878.0556489173320000
85.7812189092690010 -2.8256476059988471 2977125.0686522322000000 -0.9701309805617928 63050.6571158042640000
85.9812189092690030 -2.8232877692255620 2979248.8702780781000000 -0.9700932972519142 63156.3721362489740000
86.1812189092690060 -2.8209829283053032 2981260.5576906977000000 -0.9700702962744575 63231.1332004086580000
86.3812189092689950 -2.8186506169412868 2983334.2812791159000000 -0.9700253313599062 63352.3547463901340000
86.5812189092689980 -2.8162753094759010 2985502.9404453207000000 -0.9699807888748537 63472.7605816647410000
86.7812189092690010 -2.8139422464400599 2987586.3402582053000000 -0.9699489300428829 63566.4136761301200000
86.9812189092690030 -2.8116237113356615 2989643.0220048446000000 -0.9698912405125044 63714.7830493154470000
87.1812189092690060 -2.8093207318567996 2991670.7716733618000000 -0.9698501196028834 63828.1758908429180000
87.3812189092689950 -2.8069963609807309 2993747.7984601939000000 -0.9698227216154250 63912.5756294890310000
87.5812189092689980 -2.8046412374596210 2995893.9926865809000000 -0.9697874146719110 64013.7794100742320000
87.7812189092690010 -2.8023217384081591 2997968.7383524626000000 -0.9697300088381146 64161.8857222923540000
87.9812189092690030 -2.8000657721993085 2999912.7612701664000000 -0.9696888951457688 64275.5432923813350000
88.1812189092690060 -2.7977729029182377 3001938.9595175106000000 -0.9696667311634168 64349.0715939272200000
88.3812189092689950 -2.7954851472188955 3003958.2587166484000000 -0.9696224079881037 64469.6653844434770000
88.5812189092689980 -2.7931391737321936 3006105.1073212614000000 -0.9695715588943045 64604.1909850721710000
88.7812189092690010 -2.7909052165839703 3008018.0761298630000000 -0.9695476707281602 64681.5385786930560000
88.9812189092690030 -2.7886531727248771 3009973.3270859718000000 -0.9695208627570839 64765.1310137317050000
89.1812189092690060 -2.7863565399070924 3012027.2452270845000000 -0.9694481392590739 64946.3751675107050000
89.3812189092689950 -2.7840625225540849 3014079.5600461643000000 -0.9694188999313769 65035.2696858106650000
89.5812189092689980 -2.7817612579071747 3016151.2477086820000000 -0.9693695189568182 65167.0659211147580000
89.7812189092690010 -2.7795261333510952 3018086.1294585867000000 -0.9693342278533648 65268.9584128938150000
89.9812189092690030 -2.7773484189774273 3019902.6199564021000000 -0.9693188735605957 65328.4604775856710000
90.1812189092690060 -2.7750278794007683 3022027.0990459574000000 -0.9692547611810533 65491.8499920403120000
90.3812189092689950 -2.7727988814008300 3023960.5007170141000000 -0.9692072776686238 65619.9138969585770000
90.5812189092689980 -2.7705369838686686 3025967.8799855495000000 -0.9691689764767228 65728.4838286344890000
90.7812189092690010 -2.7683897555961532 3027734.5928502958000000 -0.9691512448196874 65793.2494125775990000
90.9812189092690030 -2.7661115461821510 3029784.4685304277000000 -0.9690861159533820 65959.1734356842940000
91.1812189092690060 -2.7638720552033060 3031755.6237178240000000 -0.9690577834605135 66046.6675871573390000
91.3812189092689950 -2.7616315258140163 3033732.8530591102000000 -0.9690021073534124 66192.5992931819060000
91.5812189092689980 -2.7594471507283918 3035593.9803102408000000 -0.9689670274637922 66294.6280900957060000
91.7812189092690010 -2.7571931884411769 3037607.5849950770000000 -0.9688948759589551 66475.9440957996990000
91.9812189092690030 -2.7550609572322502 3039364.8085678956000000 -0.9688934916672264 66506.0837923821530000
92.1812189092690060 -2.7527858689647053 3041431.2554765986000000 -0.9688286449553685 66671.9635014247610000
92.3812189092689950 -2.7506043867152017 3043301.3258878738000000 -0.9687846809794694 66793.2712319348940000
92.5812189092689980 -2.7483868447848838 3045252.3409107160000000 -0.9687463653505908 66902.5634768712330000
92.7812189092690010 -2.7461612543074581 3047224.4088121615000000 -0.9686939687880238 67042.0758132794870000
92.9812189092690030 -2.7440562940949960 3048941.8715145262000000 -0.9686501793726886 67163.2386416944210000
93.1812189092690060 -2.7418835293803823 3050808.2762095258000000 -0.9686180817886887 67259.4181372050660000
93.3812189092689950 -2.7396385102016971 3052833.3416659934000000 -0.9685518722167754 67428.7928790054280000
93.5812189092689980 -2.7375111361960847 3054609.9221189069000000 -0.9685232881578518 67517.5752477694770000
93.7812189092690010 -2.7353332260648440 3056498.6050111633000000 -0.9684768867280270 67644.6401055371390000
93.9812189092690030 -2.7331620185307393 3058376.6454518503000000 -0.9684424873842590 67746.0192814618350000
94.1812189092690060 -2.7309900025525335 3060260.1565368660000000 -0.9683842932891807 67898.5593666073400000
94.3812189092689950 -2.7288955089907714 3061980.8467531428000000 -0.9683464187590521 68007.5433345607020000
94.5812189092689980 -2.7267407349801709 3063834.7018215852000000 -0.9683096794123469 68114.1522339386870000
94.7812189092690010 -2.7246080818348961 3065644.6967754718000000 -0.9682631678278890 68241.8366695572620000
94.9812189092690030 -2.7224105764978894 3067597.8624309981000000 -0.9682103720005112 68383.1191606798670000
95.1812189092690060 -2.7202780798808535 3069414.9094223119000000 -0.9681542305035236 68531.6923900085970000
95.3812189092689950 -2.7181480870454022 3071230.2316612434000000 -0.9681028236051750 68670.1694241357040000
95.5812189092689980 -2.7159894134077849 3073110.9856644459000000 -0.9680537033801577 68803.8100334207990000
95.7812189092690010 -2.7139167582192099 3074810.1145821139000000 -0.9680246173606650 68894.3692726411390000
95.9812189092690030 -2.7117524314752313 3076710.4000929371000000 -0.9679712372149956 69037.3434787308800000
96.1812189092690060 -2.7096776361597237 3078421.3445607247000000 -0.9679346079170805 69144.2888379220390000
96.3812189092689950 -2.7075586960257958 3080231.0831113560000000 -0.9678739485067022 69303.1352013419380000
96.5812189092689980 -2.7054050836111174 3082119.2884734618000000 -0.9678414956000111 69401.2137370798740000
96.7812189092690010 -2.7033750882997847 3083744.3090171432000000 -0.9678000756344352 69518.7072270510250000
96.9812189092690030 -2.7012428623273865 3085593.6167763406000000 -0.9677276415146764 69703.2574306931350000
97.1812189092690060 -2.6992231554831601 3087203.4657685244000000 -0.9677282221137665 69730.1686245098240000
97.3812189092689950 -2.6970827664017429 3089077.6467900826000000 -0.9676575863727749 69911.0179631279320000
97.5812189092689980 -2.6949728437345342 3090889.6223683339000000 -0.9675904660879071 70084.3872173356360000
97.7812189092690010 -2.6928831350995814 3092661.4918679651000000 -0.9675411571950947 70219.3402808771930000
97.9812189092690030 -2.6908358769074057 3094345.0779646765000000 -0.9675129829562936 70308.6382913810670000
98.1812189092690060 -2.6888144258029949 3095976.3035253407000000 -0.9674692715592994 70431.6233196202670000
98.3812189092689950 -2.6867201045465228 3097768.8309951443000000 -0.9674156561589372 70576.1348855292890000
98.5812189092689980 -2.6846159404469541 3099586.2817717632000000 -0.9673482787358421 70750.5585577159650000
98.7812189092690010 -2.6825834860621325 3101251.9001592556000000 -0.9673047874917196 70873.3204466099850000
98.9812189092690030 -2.6805498616624872 3102923.5430398481000000 -0.9672728723782601 70971.0532261286860000
99.1812189092690060 -2.6784614908061077 3104717.4442551741000000 -0.9672226017906661 71108.6614734218460000
99.3812189092689950 -2.6764104011900556 3106434.0178529052000000 -0.9671678500046093 71256.0816806410440000
99.5812189092689980 -2.6744044749231279 3108056.0525426464000000 -0.9671220220506985 71384.2207462484950000
99.7812189092690010 -2.6723390575431183 3109810.7455794355000000 -0.9670666026801607 71533.2715192572210000
99.9812189092690030 -2.6702923700066061 3111528.2836968210000000 -0.9669825831245560 71744.5638290084900000
100.1812189092690100 -2.6682723684188461 3113191.3226810982000000 -0.9669543691726735 71834.6909418492580000
100.3812189092689900 -2.6662435874970694 3114876.9179795645000000 -0.9669145874595156 71950.0220218431200000
100.5812189092690000 -2.6642120200743094 3116572.0546712670000000 -0.9668739568094759 72067.2680203281340000
100.7812189092690000 -2.6622314133407574 3118159.7634331509000000 -0.9668181334166494 72217.6492862734010000
100.9812189092690000 -2.6602252405557980 3119806.5317484047000000 -0.9667817524498469 72325.7947120135650000
101.1812189092690100 -2.6582130170545564 3121469.9187168367000000 -0.9667356562345086 72455.1636016545820000
101.3812189092689900 -2.6561648858993601 3123214.9992773142000000 -0.9666588046230096 72651.6285779597240000
101.5812189092690000 -2.6541760237956225 3124834.3908067234000000 -0.9666284443325391 72746.8794360328470000
101.7812189092690000 -2.6522195037521565 3126386.6598949106000000 -0.9665689761043410 72905.6598141784780000
101.9812189092690000 -2.6502267069131573 3128021.4241109788000000 -0.9665196954627029 73042.3167407000440000
102.1812189092690100 -2.6482258853232117 3129677.1174232801000000 -0.9664460803674887 73232.1686785579660000
102.3812189092689900 -2.6462416495262464 3131300.0261140112000000 -0.9664229231866616 73311.9780711317430000
102.5812189092690000 -2.6442476881015886 3132947.5777398301000000 -0.9663546041204371 73490.4719803500920000
102.7812189092690000 -2.6423185780640188 3134456.8365466474000000 -0.9663276566636239 73578.6809559157120000
102.9812189092690000 -2.6403539256665254 3136047.0943563841000000 -0.9662787595486853 73714.9176442190070000
103.1812189092690100 -2.6383658616190555 3137691.9155000206000000 -0.9662317503289480 73847.1095609627660000
103.3812189092689900 -2.6364138780687587 3139261.2069600914000000 -0.9661600161236199 74033.4741325853390000
103.5812189092690000 -2.6344722783215770 3140811.1145884935000000 -0.9661140903889156 74163.4773118915040000
103.7812189092690000 -2.6324659578394356 3142506.0520043168000000 -0.9660460588485418 74341.9596555083990000
103.9812189092690000 -2.6305147705030163 3144083.6643797616000000 -0.9659922554680490 74489.3942735875030000
104.1812189092690100 -2.6285549584879044 3145683.5159015898000000 -0.9659656658349491 74577.2894672700200000
104.3812189092689900 -2.6266160462440937 3147240.9081323985000000 -0.9658981648039352 74754.9117866125890000
104.5812189092690000 -2.6246856238419838 3148783.0009738822000000 -0.9658387511572145 74914.9148362423290000
104.7812189092690000 -2.6227485149932397 3150343.0665555494000000 -0.9658004944772618 75028.6047595473940000
104.9812189092690000 -2.6208288097702503 3151868.2511570239000000 -0.9657293188629001 75214.6078109638770000
105.1812189092690100 -2.6188801508172435 3153460.2909833910000000 -0.9656810143130814 75350.5178914973510000
105.3812189092689900 -2.6169817648872860 3154945.2428071424000000 -0.9656381301999411 75474.6048993486910000
105.5812189092690000 -2.6150273795788728 3156556.4911234006000000 -0.9655588081429984 75678.8315428313800000
105.7812189092690000 -2.6131422978586420 3158018.7403550185000000 -0.9655252049135722 75782.6955312034120000
105.9812189092690000 -2.6112499392141286 3159500.2156583229000000 -0.9654655508712510 75943.9043487873860000
106.1812189092690100 -2.6093097699102001 3161090.1079553496000000 -0.9654093726927325 76097.5689098224980000
106.3812189092689900 -2.6074455734907938 3162516.1168553308000000 -0.9653842864578592 76182.9021465433760000
106.5812189092690000 -2.6055210251699457 3164078.1885146974000000 -0.9653034629920694 76390.9936897736040000
106.7812189092690000 -2.6036133017043799 3165606.4939659135000000 -0.9652682182336242 76498.8346996330660000
106.9812189092690000 -2.6017298261645405 3167084.6328477738000000 -0.9651871557608627 76707.6917936773970000
107.1812189092690100 -2.5998551979069102 3168546.4892961523000000 -0.9651655777353420 76785.5669382372870000
107.3812189092689900 -2.5979266069060891 3170130.5469307685000000 -0.9650815266206567 77001.2421077829790000
107.5812189092690000 -2.5960988123779956 3171495.5410735654000000 -0.9650459640261737 77110.0944209410810000
107.7812189092690000 -2.5941709091365888 3173084.5885965684000000 -0.9649761759400214 77294.5398768475280000
107.9812189092690000 -2.5923304009591832 3174483.9829710508000000 -0.9649277121547305 77432.0259237946010000
108.1812189092690100 -2.5904480774529137 3175978.8768564751000000 -0.9648585287543915 77615.3573368308130000
108.3812189092689900 -2.5885922295701018 3177418.4887239002000000 -0.9648152143147324 77741.6496095117180000
108.5812189092690000 -2.5867390643950188 3178855.3409970775000000 -0.9647651963033990 77882.8333471030930000
108.7812189092690000 -2.5849044700216548 3180254.2936972203000000 -0.9647153164042597 78023.7972684269770000
108.9812189092690000 -2.5830479848274033 3181704.8047518693000000 -0.9646458012789465 78208.2823121403340000
109.1812189092690100 -2.5811828874509257 3183177.5454269499000000 -0.9645849310282934 78373.7557050464670000
109.3812189092689900 -2.5793389845155987 3184606.5498515936000000 -0.9645279321472321 78530.7628178778100000
109.5812189092700100 -2.5775233913127864 3185976.0039479472000000 -0.9644720145382694 78685.4728941009380000
109.7812189092700000 -2.5756335826030305 3187512.9902353929000000 -0.9644099164820758 78853.9722877526660000
109.9812189092700000 -2.5738482219979848 3188821.6967783682000000 -0.9643571409313919 79001.9150386997500000
110.1812189092700000 -2.5720485701840810 3190165.1381563563000000 -0.9643141691632885 79128.2096426803620000
110.3812189092700000 -2.5701838803582433 3191655.9193989290000000 -0.9642376615476521 79328.9676214465870000
110.5812189092700100 -2.5683519230406135 3193077.2478534216000000 -0.9641845317701169 79477.9795339941050000
110.7812189092700000 -2.5665574639810242 3194418.4581062710000000 -0.9641350214758919 79619.0472434018740000
110.9812189092700000 -2.5647495753239289 3195792.5545487935000000 -0.9640816867529207 79768.6930067851210000
111.1812189092700000 -2.5628879839491843 3197289.0470860051000000 -0.9640120478409201 79954.6531567987990000
111.3812189092700000 -2.5611322553129745 3198553.4293325283000000 -0.9639715807066036 80075.8964421749110000
111.5812189092700100 -2.5592616985479566 3200076.1190297706000000 -0.9638895616976108 80289.5969342617320000
111.7812189092700000 -2.5574908940945087 3201380.1210375261000000 -0.9638474179531066 80414.7434051469900000
111.9812189092700000 -2.5556929050819863 3202747.6329390071000000 -0.9637848369358381 80585.4383639786390000
112.1812189092700000 -2.5539341593165057 3204030.8535547601000000 -0.9637444199833386 80706.9022177401930000
112.3812189092700000 -2.5521201910095956 3205440.0484841233000000 -0.9636581234819237 80930.6051091286350000
112.5812189092700100 -2.5503029516376272 3206859.6244335957000000 -0.9635814066242574 81133.1150710377840000
112.7812189092700000 -2.5485565195412736 3208124.4940798497000000 -0.9635370567459333 81263.6218060324900000
112.9812189092700000 -2.5467989932674118 3209417.0745200953000000 -0.9634898866166942 81400.4919598521660000
113.1812189092700000 -2.5449774324010095 3210855.4729327690000000 -0.9634087596706836 81613.1799445794900000
113.3812189092700000 -2.5432116097168622 3212172.6105763121000000 -0.9633503290229909 81775.3658362193960000
113.5812189092700100 -2.5414375739238255 3213511.0901923133000000 -0.9632792357762321 81965.9164703548890000
113.7812189092700000 -2.5396901156567031 3214793.2451861650000000 -0.9632532050086217 82055.9641787130390000
113.9812189092700000 -2.5379397423031524 3216084.8890126981000000 -0.9631789740081842 82253.7290863068770000
114.1812189092700000 -2.5361895148149611 3217379.1886434183000000 -0.9631084393054793 82443.3611803068780000
114.3812189092700000 -2.5344314737965568 3218693.9376907041000000 -0.9630668293825315 82568.4495719810950000
114.5812189092700100 -2.5326882220182214 3219978.6055567088000000 -0.9629963999279898 82758.0632252995860000
114.7812189092700000 -2.5309892420939968 3221167.1904090084000000 -0.9629443099965636 82906.7656849366610000
114.9812189092700000 -2.5292077119841072 3222543.4329023771000000 -0.9628690504295980 83107.4159611794170000
115.1812189092700000 -2.5274379223038919 3223896.4225344528000000 -0.9627927367061889 83310.5558149577120000
115.3812189092700000 -2.5257532197309964 3225061.8346908698000000 -0.9627412787899032 83458.1506287334490000
115.5812189092700100 -2.5240215317605275 3226335.3996587330000000 -0.9626997052348644 83583.6840914688070000
115.7812189092700000 -2.5222897894877634 3227612.0342798000000000 -0.9626331938601569 83765.1913351402620000
115.9812189092700000 -2.5205405558770160 3228930.8422869658000000 -0.9625623062955871 83956.6264709993270000
116.1812189092700000 -2.5188836908882566 3230045.4050684478000000 -0.9625256942567979 84071.2881611995400000
116.3812189092700000 -2.5170978412899805 3231452.2663065800000000 -0.9624380562169127 84300.5298734810200000
116.5812189092700100 -2.5154248649720072 3232608.7485496663000000 -0.9623706374708577 84484.5263820947150000
116.7812189092700000 -2.5136835749277813 3233921.5115108993000000 -0.9623296151694682 84609.3508310215550000
116.9812189092700000 -2.5119706088892251 3235173.5964774191000000 -0.9622558996427324 84807.7037653271110000
117.1812189092700000 -2.5102716022631064 3236397.2179382518000000 -0.9622004460719691 84965.1342583415100000
117.3812189092700000 -2.5085894834111651 3237585.7544913394000000 -0.9621208356183061 85176.9798360755670000
117.5812189092700100 -2.5069099333547449 3238771.3727746969000000 -0.9620603546135765 85345.9300301466140000
117.7812189092700000 -2.5052330943115599 3239953.7458849922000000 -0.9620041512638742 85505.3572731935420000
117.9812189092700000 -2.5034983232873529 3241269.3894505808000000 -0.9619257985548141 85714.7443666630420000
118.1812189092700000 -2.5018346577496047 3242427.8459008159000000 -0.9618559513908483 85905.1103702094410000
118.3812189092700000 -2.5001302581515534 3243680.9034276577000000 -0.9617921530607672 86081.9680673470720000
118.5812189092700100 -2.4984573287670453 3244865.9296370884000000 -0.9617314105563020 86252.0475145769310000
118.7812189092700000 -2.4967892815917878 3246042.7911174633000000 -0.9616804781181878 86400.1117657581340000
118.9812189092700000 -2.4950970925158846 3247276.9416684788000000 -0.9616150925234703 86580.8633029181510000
119.1812189092700000 -2.4934502285335705 3248411.6941840183000000 -0.9615422262434008 86778.6066257660280000
119.3812189092700000 -2.4918096771576361 3249534.9946215739000000 -0.9614731009700114 86968.0301142623650000
119.5812189092700100 -2.4901163885826243 3250780.1726962421000000 -0.9614165392682653 87129.2008932852190000
119.7812189092700000 -2.4884728666556821 3251915.8023337778000000 -0.9613328198128057 87351.8194435583430000
119.9812189092700000 -2.4868362343450006 3253038.6531585660000000 -0.9613015253762945 87456.1044411580080000
120.1812189092700000 -2.4851815728130249 3254205.0436933534000000 -0.9612123184675999 87691.3708863779900000
120.3812189092700000 -2.4835628510101331 3255292.9606254883000000 -0.9611544670660071 87855.8746204325000000
120.5812189092700100 -2.4818892855122772 3256507.7113829060000000 -0.9610915275287645 88031.9892098708080000
120.7812189092700000 -2.4802651338241755 3257613.4612988587000000 -0.9610242590561211 88218.0095128417020000
120.9812189092700000 -2.4785934730798349 3258829.5416796291000000 -0.9609387787165657 88445.3815769264470000
121.1812189092700000 -2.4769994499621451 3259872.6008292083000000 -0.9608878830752730 88594.5609989590010000
121.3812189092700000 -2.4753486294709397 3261047.0677149296000000 -0.9608205938571667 88780.9750889660790000
121.5812189092700100 -2.4737722321720299 3262055.6288876301000000 -0.9607768449276389 88914.1412742286920000
121.7812189092700000 -2.4720924568559073 3263301.2985401480000000 -0.9606808182271430 89165.9344111764800000
121.9812189092700000 -2.4704674022868893 3264425.6805033889000000 -0.9606082782824066 89364.6100874557160000
122.1812189092700000 -2.4688580921923946 3265517.0881285351000000 -0.9605476288226998 89536.4246880523860000
122.3812189092700000 -2.4672640843033524 3266576.4843872990000000 -0.9604789360997772 89726.6038233246650000
122.5812189092700100 -2.4656581987764494 3267665.5606041495000000 -0.9604255277082485 89882.1864019250500000
122.7812189092700000 -2.4640351172473869 3268796.4312969260000000 -0.9603415779740673 90107.2524083242750000
122.9812189092700000 -2.4624401767757691 3269866.0921361446000000 -0.9602769590374631 90288.5243723681200000
123.1812189092700000 -2.4608205134389198 3270994.6726943590000000 -0.9601793641439453 90544.8880397584290000
123.3812189092700000 -2.4592508479917936 3272012.2709196676000000 -0.9601506132015854 90644.8209295072590000
123.5812189092700100 -2.4576638138607079 3273072.0527640972000000 -0.9600658962352772 90872.1555966427550000
123.7812189092700000 -2.4560963710433867 3274089.9267860940000000 -0.9600151444325830 91022.3164929919880000
123.9812189092700000 -2.4545013457880445 3275173.2700322689000000 -0.9599476236311345 91210.7514962768180000
124.1812189092700000 -2.4529136994635490 3276242.5067141764000000 -0.9598614971497842 91441.6884605502710000
124.3812189092700000 -2.4513179845556627 3277332.8226893786000000 -0.9597828903278171 91655.6355747706260000
124.5812189092700100 -2.4497701901489268 3278316.5899486272000000 -0.9597160280758972 91842.9409464122730000
124.7812189092700000 -2.4481743325021501 3279412.5990857026000000 -0.9596516918109772 92024.5993475923310000
124.9812189092700000 -2.4466239387360806 3280407.5814329367000000 -0.9595898701715819 92200.6301223668270000
125.1812189092700000 -2.4450677822917513 3281418.3426371580000000 -0.9595101947926938 92417.5172825902700000
125.3812189092700000 -2.4434800389157458 3282503.8634779584000000 -0.9594463927858343 92598.2962653636930000
125.5812189092700100 -2.4419318129922387 3283501.8077292740000000 -0.9593729758959814 92801.1466204929170000
125.7812189092700000 -2.4404042986495065 3284455.0455700159000000 -0.9593037193923574 92994.6156252645890000
125.9812189092700000 -2.4388244985942045 3285530.3915599789000000 -0.9592130376628161 93237.1800227570350000
126.1812189092700000 -2.4372846122026774 3286517.1379130008000000 -0.9591623622231489 93388.4125579986720000
126.3812189092700000 -2.4357198255752150 3287563.4547315035000000 -0.9590837555529189 93603.6291091246530000
126.5812189092700100 -2.4341824338419511 3288549.7263014540000000 -0.9590152364914502 93795.8940661000090000
126.7812189092700000 -2.4326710898590567 3289478.9654354295000000 -0.9589563800680645 93966.1541326632720000
126.9812189092700000 -2.4311220256502581 3290497.1513146618000000 -0.9588837014308734 94168.1712606446820000
127.1812189092700000 -2.4295913461125429 3291475.8368431497000000 -0.9588135160729558 94364.6000523231920000
127.3812189092700000 -2.4280917042149239 3292385.9732143618000000 -0.9587451114226306 94557.0672465078530000
127.5812189092700100 -2.4265614729867675 3293368.7833053898000000 -0.9586548148582734 94799.8468571216800000
127.7812189092700000 -2.4250138338462222 3294394.1115408167000000 -0.9586031776958530 94954.1059748227710000
127.9812189092700000 -2.4235305767835267 3295274.3260816932000000 -0.9585275176199789 95163.5762009033930000
128.1812189092700000 -2.4219575239438864 3296363.1725672567000000 -0.9584321426891657 95418.4308651955800000
128.3812189092699900 -2.4204623692496132 3297275.7998965671000000 -0.9583763546335048 95582.5435349992480000
128.5812189092700100 -2.4189757886440693 3298171.2579910541000000 -0.9582975275170631 95799.6767756361510000
128.7812189092700000 -2.4174284078417529 3299208.9523763321000000 -0.9582220064029760 96009.3472648598250000
128.9812189092700100 -2.4159278079986448 3300141.7171450192000000 -0.9581429937408648 96227.1736324923110000
129.1812189092700000 -2.4144781319413364 3300959.9028706579000000 -0.9580720741310006 96426.5224874708800000
129.3812189092699900 -2.4129622181694566 3301932.9284842126000000 -0.9580132909735103 96598.0702165500260000
129.5812189092700100 -2.4114552920405625 3302887.8311352618000000 -0.9579126104444903 96866.1467222855430000
129.7812189092700000 -2.4099561393501183 3303827.3829290448000000 -0.9578505826051709 97045.4012505989520000
129.9812189092700100 -2.4085071807680807 3304653.8568611266000000 -0.9577843209441981 97234.5130193908700000
130.1812189092700000 -2.4070093553928085 3305595.3731337171000000 -0.9577070992177662 97448.9912595939820000
130.3812189092699900 -2.4054799927356041 3306612.1138020186000000 -0.9576136237322793 97701.0664486973550000
130.5812189092700100 -2.4040371063431309 3307432.0359281870000000 -0.9575517369853630 97880.4618846583180000
130.7812189092700000 -2.4025876699225241 3308269.5024824934000000 -0.9574723310338792 98100.3748952369210000
130.9812189092700100 -2.4011229935034617 3309144.5833762344000000 -0.9574084102804943 98284.6897431048560000
131.1812189092700000 -2.3995995211043266 3310157.8658659896000000 -0.9573160673492713 98534.7252200152720000
131.3812189092699900 -2.3981628551148084 3310973.2572009163000000 -0.9572446449232129 98736.6061348356310000
131.5812189092700100 -2.3967383277126837 3311763.0297805546000000 -0.9571812450695288 98920.0750190708790000
131.7812189092700000 -2.3952588470106333 3312682.2059824793000000 -0.9571140465791546 99112.4306734418500000
131.9812189092700100 -2.3938250780585495 3313498.1972642271000000 -0.9570321781713012 99338.8166463421660000
132.1812189092700000 -2.3922985295600512 3314531.1875452753000000 -0.9569124253342520 99652.9615431618880000
132.3812189092699900 -2.3908746199642694 3315329.2845579023000000 -0.9568565265087877 99819.5749515709470000
132.5812189092700100 -2.3894479752391642 3316136.1131883776000000 -0.9567899867014740 100010.9120775023500000
132.7812189092690000 -2.3879788769684840 3317043.6442621714000000 -0.9566943148482894 100269.8146695108200000
132.9812189092689900 -2.3865641088132925 3317827.8115803069000000 -0.9566401872020808 100432.6536625963600000
133.1812189092690100 -2.3851112718482255 3318702.5739780618000000 -0.9565441274561707 100692.7463729479400000
133.3812189092689900 -2.3836746101454227 3319542.2928189570000000 -0.9564618449018379 100921.0679556811200000
133.5812189092690100 -2.3822714364621111 3320306.7801865488000000 -0.9564057661701816 101088.7670727553800000
133.7812189092690000 -2.3807998308253597 3321232.3749771342000000 -0.9563247706954797 101314.3611838915400000
133.9812189092689900 -2.3793886960224282 3322020.1245807800000000 -0.9562225223386937 101589.4126281291200000
134.1812189092690100 -2.3779716356346658 3322824.0079927724000000 -0.9561555868010681 101782.6620266046400000
134.3812189092689900 -2.3765369743104854 3323671.1543030674000000 -0.9560726425513845 102013.2025569761200000
134.5812189092690100 -2.3751365846715138 3324441.0995600186000000 -0.9560006275391836 102218.4940166547900000
134.7812189092690000 -2.3737985541769988 3325068.4781811005000000 -0.9559316190897852 102416.9206973323600000
134.9812189092689900 -2.3722988242414895 3326074.0443447838000000 -0.9558349429864848 102679.7895874413700000
135.1812189092690100 -2.3709140170549978 3326814.8564411914000000 -0.9557633941894745 102884.3832573229400000
135.3812189092689900 -2.3695500085789569 3327509.6089284588000000 -0.9556990002644228 103072.4518918823500000
135.5812189092690100 -2.3681135398461302 3328375.3083418161000000 -0.9555875620127308 103370.1257734177600000
135.7812189092690000 -2.3667558551678627 3329059.9899888495000000 -0.9555398665030469 103519.5737850149200000
135.9812189092689900 -2.3653322193934692 3329900.5712899687000000 -0.9554335114526947 103805.7340308334700000
136.1812189092690100 -2.3639311616392802 3330690.9416797515000000 -0.9553441342353392 104052.5161778875600000
136.3812189092689900 -2.3625531154109427 3331430.0319834016000000 -0.9552614079128412 104283.9478832669600000
136.5812189092690100 -2.3611803275416383 3332159.1796908677000000 -0.9551915817854227 104485.4396070544600000
136.7812189092690000 -2.3597724195905556 3332972.5614337595000000 -0.9551111544622276 104711.7793578016600000
136.9812189092689900 -2.3584064658673967 3333690.4110203357000000 -0.9550254381577445 104950.5982689266100000
137.1812189092690100 -2.3570467620180238 3334395.9684572797000000 -0.9549605721366425 105140.8900487870000000
137.3812189092689900 -2.3556565588129610 3335175.0372594027000000 -0.9548575757809593 105420.3370672096500000
137.5812189092690100 -2.3543167464931516 3335838.7248528926000000 -0.9548085092318839 105573.9721261756500000
137.7812189092690000 -2.3529091702001619 3336663.0297054071000000 -0.9546942177724100 105880.1213236502400000
137.9812189092689900 -2.3516073128761077 3337242.5458597653000000 -0.9546292812531187 106071.0803245129100000
138.1812189092690100 -2.3502145025569221 3338036.9635952963000000 -0.9545291690938448 106344.4161712280500000
138.3812189092689900 -2.3488448375262534 3338779.5738133024000000 -0.9544466837135628 106576.6833164170400000
138.5812189092690100 -2.3475223197616586 3339414.1405519387000000 -0.9543764211207372 106780.4839271251100000
138.7812189092690000 -2.3461548192385284 3340156.2483663959000000 -0.9542932451760008 107014.6383359199400000
138.9812189092689900 -2.3448446904095466 3340766.2796373833000000 -0.9542120632102208 107244.2641248726300000
139.1812189092690100 -2.3434339226948935 3341614.3135935813000000 -0.9541090852608971 107525.0973887881300000
139.3812189092689900 -2.3421005766057710 3342283.2508915439000000 -0.9540264910705619 107758.3285576012000000
139.5812189092690100 -2.3407927526180852 3342894.5840603821000000 -0.9539450992177564 107988.8811283083600000
139.7812189092690000 -2.3394331661871277 3343629.5292986836000000 -0.9538608303449890 108226.3207169203100000
139.9812189092689900 -2.3381198288568683 3344258.2352111498000000 -0.9537744834443683 108468.7799200252600000
140.1812189092690100 -2.3367717458847501 3344970.7070154799000000 -0.9536941013637508 108697.3845158619800000
140.3812189092689900 -2.3354856671560862 3345539.8426279482000000 -0.9536236217176312 108902.8725759843400000
140.5812189092690100 -2.3341019102139051 3346340.5919339042000000 -0.9535029229085802 109226.4502979163100000
140.7812189092690000 -2.3328039071628721 3346942.1484258389000000 -0.9534493863484486 109392.4053073371800000
140.9812189092689900 -2.3314917152123469 3347579.2384010507000000 -0.9533698899016126 109619.4779739892100000
141.1812189092690100 -2.3301629648882174 3348257.4707584558000000 -0.9532565999090117 109926.1578911682600000
141.3812189092689900 -2.3288813754572972 3348826.9850492142000000 -0.9531824636239430 110140.9199997400900000
141.5812189092690100 -2.3275445355373181 3349528.6760226032000000 -0.9531052233950434 110363.1128969462600000
141.7812189092690000 -2.3262541430586290 3350123.2608836032000000 -0.9529926255862516 110668.6788081969100000
141.9812189092689900 -2.3249347556773365 3350788.2969993120000000 -0.9529097718438748 110904.3853642731000000
142.1812189092690100 -2.3236782737105686 3351307.3412918430000000 -0.9528369874719852 111116.5093056717900000
142.3812189092689900 -2.3223161641073093 3352077.4416945716000000 -0.9527314759871276 111405.8904098765900000
142.5812189092690100 -2.3210424578912998 3352641.3976984769000000 -0.9526522491762217 111633.4792045168600000
142.7812189092690000 -2.3197614817802634 3353224.6351706572000000 -0.9525752112547702 111856.0399102312500000
142.9812189092689900 -2.3184663631712770 3353843.3884487320000000 -0.9524905903786939 112096.6231390829200000
143.1812189092690100 -2.3171495780542046 3354515.4531212030000000 -0.9523846201476680 112387.7416794993900000
143.3812189092689900 -2.3159310217256643 3354957.7899042638000000 -0.9523135856487124 112596.5511546004600000
143.5812189092690100 -2.3146181719128851 3355624.8916484928000000 -0.9522091324604044 112884.4176835413100000
143.7812189092690000 -2.3133616799449745 3356161.0263465177000000 -0.9521324053060642 113106.9481062721500000
143.9812189092689900 -2.3120928613819207 3356728.4026002800000000 -0.9520369093441727 113373.9740138561500000
144.1812189092690100 -2.3107920070307140 3357373.6572954049000000 -0.9519370673595565 113651.4393018814700000
144.3812189092689900 -2.3095471463985215 3357888.6393534560000000 -0.9518628733070714 113868.4044836494100000
144.5812189092690100 -2.3082696004776522 3358483.0504936725000000 -0.9517660894923069 114138.9510818170400000
144.7812189092690000 -2.3070134928927928 3359028.8523328677000000 -0.9516774755337601 114390.3225774155000000
144.9812189092689900 -2.3057210001605668 3359662.9203835130000000 -0.9515756144920412 114673.2150190165300000
145.1812189092690100 -2.3044972053674178 3360136.4120197436000000 -0.9514949526139811 114906.0612103943700000
145.3812189092689900 -2.3032579602984611 3360648.5649151206000000 -0.9514214494439534 115122.0795460613400000
145.5812189092690100 -2.3020194108516554 3361161.1422391273000000 -0.9513285496218561 115384.2056313301400000
145.7812189092690000 -2.3007157955764908 3361830.0978235779000000 -0.9512145742007477 115696.4713176488900000
145.9812189092689900 -2.2995009071353940 3362290.7421679795000000 -0.9511410324012884 115913.0066434862100000
146.1812189092690100 -2.2982580495257827 3362819.7958350144000000 -0.9510414475769390 116191.4735087100400000
146.3812189092689900 -2.2970451313641269 3363279.8488011956000000 -0.9509528557713088 116444.0110949338400000
146.5812189092690100 -2.2957976600746939 3363823.9924949063000000 -0.9508418058436109 116750.0369571009700000
146.7812189092690000 -2.2945649638587797 3364335.1198337078000000 -0.9507706602974546 116961.4453121474900000
146.9812189092689900 -2.2933435080811111 3364821.5932904528000000 -0.9506863658462242 117204.2252457118600000
147.1812189092690100 -2.2920847919867633 3365398.6977308495000000 -0.9505714860791413 117519.8670770870500000
147.3812189092689900 -2.2908818595620146 3365845.2303783260000000 -0.9504770594568688 117787.0582575802700000
147.5812189092690100 -2.2896648301851061 3366327.3135656472000000 -0.9503940408532496 118027.2669200985700000
147.7812189092690000 -2.2884239615658775 3366868.1718133874000000 -0.9503027771911291 118287.2409838158600000
147.9812189092689900 -2.2871925113377722 3367388.6795537546000000 -0.9502052982499495 118562.1688082343900000
148.1812189092690100 -2.2860046310422435 3367807.4673910467000000 -0.9501156525479498 118818.6045423722800000
148.3812189092689900 -2.2847746146480326 3368328.6380354539000000 -0.9500006761485043 119135.5490671098200000
148.5812189092690100 -2.2836021201558139 3368714.7549977936000000 -0.9499364137449058 119331.8073480837000000
148.7812189092690000 -2.2823589046648616 3369271.4603694249000000 -0.9498087232640043 119679.4162277677100000
148.9812189092689900 -2.2811956558246638 3369639.4973553000000000 -0.9497331642033293 119902.8923301096100000
149.1812189092690100 -2.2799435530950913 3370221.4969626963000000 -0.9496331860927798 120184.7648320314500000
149.3812189092689900 -2.2787995581186600 3370547.5312258285000000 -0.9495452353641600 120438.0973393097500000
149.5812189092690100 -2.2775826537337749 3371049.5737728663000000 -0.9494381184033500 120737.3463748069500000
149.7812189092690000 -2.2763951190014868 3371483.4913587281000000 -0.9493550148841976 120979.4149792930100000
149.9812189092689900 -2.2752161699782492 3371898.8740148796000000 -0.9492498924254714 121274.2416833331800000
150.1812189092680100 -2.2740222032928088 3372352.1232167687000000 -0.9491555387516045 121543.5044299056800000
150.3812189092680000 -2.2728586326610816 3372734.6772123259000000 -0.9490594777553966 121817.0102152181800000
150.5812189092679900 -2.2716402240067008 3373250.3559223358000000 -0.9489690564448134 122077.1877853176600000
150.7812189092680100 -2.2704837425109368 3373619.8724797796000000 -0.9488581531317396 122386.5338472691400000
150.9812189092679900 -2.2693085848135626 3374036.0264886636000000 -0.9487768314231712 122625.2519699186100000
151.1812189092680100 -2.2681357664376742 3374448.5380599611000000 -0.9486607874996418 122947.2606526925200000
151.3812189092680000 -2.2669832796697729 3374814.2975772563000000 -0.9485750176321828 123196.9403952099400000
151.5812189092679900 -2.2657799778859080 3375303.7570192982000000 -0.9484760277133320 123478.4476674688000000
151.7812189092680100 -2.2646317906172571 3375663.0936338315000000 -0.9483842149900342 123742.9165445212300000
151.9812189092679900 -2.2635131395101129 3375953.5081465263000000 -0.9482782712622009 124041.4307822086800000
152.1812189092680100 -2.2623199791876991 3376424.5401472477000000 -0.9481793349073663 124323.3136338670700000
152.3812189092680000 -2.2611968394244371 3376729.5151550267000000 -0.9480862603087370 124591.2964317980200000
152.5812189092679900 -2.2600393527598071 3377118.8206070010000000 -0.9479727122083052 124908.5904607363000000
152.7812189092680100 -2.2588746677563436 3377527.3426756980000000 -0.9478636710609230 125215.2532854564500000
152.9812189092679900 -2.2577559496731094 3377827.3676540302000000 -0.9477948973538763 125425.3569026184300000
153.1812189092680100 -2.2565949330679933 3378230.9148287829000000 -0.9476941651887638 125712.3858061386300000
153.3812189092680000 -2.2554426931586509 3378615.2946331222000000 -0.9475790062595928 126034.2715502767800000
153.5812189092679900 -2.2542975491226280 3378984.5268953135000000 -0.9474831322706591 126309.9702835921200000
153.7812189092680100 -2.2531585423225837 3379340.8996596159000000 -0.9473679024705175 126632.4015429001300000
153.9812189092679900 -2.2520319197835592 3379669.3613061169000000 -0.9472790823291125 126891.4645481235300000
154.1812189092680100 -2.2509316240336212 3379936.3101566276000000 -0.9471882274155330 127155.5771339549700000
154.3812189092680000 -2.2497563287100082 3380385.7301009111000000 -0.9470619134023042 127505.2494739918000000
154.5812189092679900 -2.2486542533119191 3380660.6895926781000000 -0.9469622967479456 127790.8112258561900000
154.7812189092680100 -2.2475473683224019 3380949.0736006424000000 -0.9468693654998142 128060.4281540154500000
154.9812189092679900 -2.2464194278923753 3381290.0656714514000000 -0.9467462577034885 128402.9628329309600000
155.1812189092680100 -2.2452825205041864 3381654.5624434138000000 -0.9466553707420595 128667.9897599816300000
155.3812189092680000 -2.2441943665106860 3381903.3150031427000000 -0.9465683159583788 128923.9240316301600000
155.5812189092679900 -2.2431217308281255 3382116.4181029135000000 -0.9464820413149371 129178.1225538770700000
155.7812189092680100 -2.2419348957738792 3382607.0471555870000000 -0.9463403409352530 129566.2976804133500000
155.9812189092679900 -2.2408708892634417 3382802.9666334661000000 -0.9462668257022603 129790.0159781579900000
156.1812189092680100 -2.2397801419572900 3383065.2660416374000000 -0.9461635999292614 130085.6482450766500000
156.3812189092680000 -2.2386605370788195 3383399.1308778124000000 -0.9460418577908705 130426.2128457585300000
156.5812189092679900 -2.2376090429515174 3383570.1627986291000000 -0.9459485249560173 130698.2896778215700000
156.7812189092680100 -2.2365106687074889 3383856.3366779964000000 -0.9458452627881661 130994.5425251508100000
156.9812189092679900 -2.2354080343114795 3384154.6435323339000000 -0.9457293822749683 131321.5037303189700000
157.1812189092680100 -2.2343283123354993 3384399.3199635241000000 -0.9456359212499930 131594.3927884441800000
157.3812189092680000 -2.2332159236674967 3384724.8900718344000000 -0.9455364711002779 131881.9425418120800000
157.5812189092679900 -2.2321365586314075 3384972.3142083231000000 -0.9454214936245493 132207.2731134761100000
157.7812189092680100 -2.2310245063721328 3385300.7371100606000000 -0.9453023702602365 132542.8451233669200000
157.9812189092679900 -2.2299886416437924 3385446.3249736046000000 -0.9452113785823630 132810.4267486590000000
158.1812189092680100 -2.2289186936568832 3385676.2780696005000000 -0.9451018283918871 133123.1650018785100000
158.3812189092680000 -2.2278584081619006 3385884.5670403615000000 -0.9450036185808864 133408.5798784862300000
158.5812189092679900 -2.2267911922078132 3386111.4318170985000000 -0.9448860370748740 133741.1689520059200000
158.7812189092680100 -2.2257101393390628 3386373.6555090528000000 -0.9447846450850349 134034.6577045684700000
158.9812189092679900 -2.2246574631079792 3386568.7644830570000000 -0.9446875199172328 134317.9568369486400000
159.1812189092680100 -2.2236194287647910 3386730.0500436770000000 -0.9445773745280168 134633.0491486704000000
159.3812189092680000 -2.2225559487710624 3386954.8897359008000000 -0.9444625802672864 134959.6252485830300000
159.5812189092679900 -2.2214828579281547 3387204.8558204267000000 -0.9443710621949925 135229.8133573760300000
159.7812189092680100 -2.2204144813387559 3387445.1373986350000000 -0.9442345453025033 135609.5835952828600000
159.9812189092679900 -2.2193481316103605 3387682.2596866703000000 -0.9441104086946571 135959.4689924051100000
160.1812189092680100 -2.2183189402862875 3387830.7246486973000000 -0.9440214014615931 136224.0776497530800000
160.3812189092680000 -2.2173124790256922 3387925.5602313522000000 -0.9439166692220711 136527.1169875119800000
160.5812189092679900 -2.2162569715119971 3388141.4989392459000000 -0.9438124085660417 136829.1852405895500000
160.7812189092680100 -2.2151834661428285 3388403.0306835212000000 -0.9436769193332155 137207.5052908691600000
160.9812189092679900 -2.2141622040032263 3388539.0285381256000000 -0.9435802652453945 137491.4166097650300000
161.1812189092680100 -2.2131532432937808 3388646.7278088545000000 -0.9434842749456112 137773.8731510457600000
161.3812189092680000 -2.2121110843148006 3388837.0548181692000000 -0.9433700903709049 138100.8615162945400000
161.5812189092679900 -2.2110991943183875 3388955.2657062477000000 -0.9432762173201067 138378.4931039558700000
161.7812189092680100 -2.2100571490206433 3389148.7402055589000000 -0.9431299041118032 138784.2568290773800000
161.9812189092679900 -2.2090324990876824 3389301.4736967683000000 -0.9430279890113206 139081.8831012807800000
162.1812189092680100 -2.2080177804240204 3389431.6492715143000000 -0.9429439908000745 139335.9270739099000000
162.3812189092680000 -2.2070207073985939 3389520.3954462465000000 -0.9428172724307484 139694.4757893551100000
162.5812189092679900 -2.2059805575473059 3389716.0606792970000000 -0.9426857134591142 140065.0689210668200000
162.7812189092680100 -2.2049634596561489 3389857.0930369729000000 -0.9425785458804604 140376.2564612771400000
162.9812189092679900 -2.2039731081791425 3389934.3981832741000000 -0.9424733953339934 140682.6926177823900000
163.1812189092680100 -2.2029388351412598 3390120.7880358007000000 -0.9423571687688245 141016.4027891610700000
163.3812189092680000 -2.2019888541355321 3390102.6060831593000000 -0.9422477932221330 141333.5437054568900000
163.5812189092679900 -2.2009477133323641 3390309.1586157903000000 -0.9421342424037571 141661.0911582196100000
163.7812189092680100 -2.2000131706035226 3390256.3797215512000000 -0.9420254325810235 141977.2203256357500000
163.9812189092679900 -2.1989678763133123 3390476.4612931134000000 -0.9419135124042062 142301.1533408607400000
164.1812189092680100 -2.1979783172701786 3390561.6835922832000000 -0.9417798978043968 142678.4416733905700000
164.3812189092680000 -2.1969808727986808 3390667.8711207202000000 -0.9416607427373026 143020.5086001060000000
164.5812189092679900 -2.1960389836497116 3390639.4626715034000000 -0.9415709809388871 143290.6935509960200000
164.7812189092680100 -2.1950310028216475 3390774.7453161525000000 -0.9414316549587229 143682.6229926152200000
164.9812189092679900 -2.1940404378701075 3390868.9527567457000000 -0.9413238535175826 143997.4242385486100000
165.1812189092680100 -2.1930378475693271 3390994.3171921996000000 -0.9411879835972514 144381.3147842688500000
165.3812189092680000 -2.1921075511907251 3390943.7964680903000000 -0.9410871087690010 144679.4940252066600000
165.5812189092679900 -2.1911077739189109 3391065.4995834120000000 -0.9409779185075812 144998.2719215853100000
165.7812189092680100 -2.1901627252653189 3391054.3558778726000000 -0.9408797640776866 145290.1134235193000000
165.9812189092679900 -2.1891613784586603 3391183.1719615199000000 -0.9407371716729789 145691.3665785417000000
166.1812189092680100 -2.1882145798122017 3391179.4936461831000000 -0.9406214503636484 146026.7787757306400000
166.3812189092680000 -2.1872091403132861 3391321.6378006795000000 -0.9405070929650293 146359.0313157038800000
166.5812189092679900 -2.1862958030136497 3391238.7816027254000000 -0.9403739220794488 146737.7765710572700000
166.7812189092680100 -2.1853707848971897 3391186.1835418073000000 -0.9402812901587341 147016.9476359440000000
166.9812189092679900 -2.1843959389631662 3391257.8174874149000000 -0.9401698349464218 147342.6305343546000000
167.1812189092680100 -2.1834110225067982 3391355.8678825852000000 -0.9400392487015612 147715.6318000615600000
167.3812189092680000 -2.1824649047575018 3391359.9274012260000000 -0.9399120395075918 148080.5317896585900000
167.5812189092679900 -2.1815431166291170 3391305.5661281059000000 -0.9398176422780563 148364.7572802254000000
167.7812189092670100 -2.1805706521276664 3391377.6944800802000000 -0.9396794202884080 148757.2185056665900000
167.9812189092670000 -2.1796741035781455 3391264.1435073344000000 -0.9395648274962870 149091.6214122124900000
168.1812189092669900 -2.1787466702921905 3391228.2833025800000000 -0.9394490611705034 149429.1140160919200000
168.3812189092670100 -2.1777702154928198 3391314.9671327015000000 -0.9393202238440678 149799.0703801950400000
168.5812189092669900 -2.1768605149291447 3391238.4082216816000000 -0.9391982753271541 150152.2325643873800000
168.7812189092670100 -2.1759257657373960 3391225.2242822405000000 -0.9390776384664686 150502.3606158224900000
168.9812189092670000 -2.1749831841894811 3391232.9338641940000000 -0.9389464178144633 150878.8478046739500000
169.1812189092669900 -2.1740787950830804 3391147.7786573917000000 -0.9388490338005118 151171.9091376732100000
169.3812189092670100 -2.1731447282250196 3391137.5011288244000000 -0.9387107811039963 151566.2013904866800000
169.5812189092669900 -2.1722482329796402 3391035.8144175662000000 -0.9386052515669928 151879.7763649020300000
169.7812189092670100 -2.1713371841962790 3390971.6149520818000000 -0.9384826894960707 152235.6793687534500000
169.9812189092670000 -2.1704153605059755 3390935.5859144237000000 -0.9383568205926317 152599.9756799754700000
