50.1812189092689990 0.6796930797870383 6956300.2343127169000000 1.1735760687427603 2436775.0215407889000000
50.3812189092690020 0.6798174194081836 6956697.5760570737000000 1.1741303352076971 2437748.6084012799000000
50.5812189092689980 0.6799463120806089 6957086.9961369289000000 1.1746764638289926 2438737.7617726098000000
50.7812189092690010 0.6800675741794277 6957490.0691350708000000 1.1752128625247482 2439745.2724852390000000
50.9812189092690030 0.6802034161620161 6957867.4913825858000000 1.1757812377636221 2440697.3516723895000000
51.1812189092689990 0.6803292944328758 6958262.6886597294000000 1.1763151476299185 2441711.5327976588000000
51.3812189092690020 0.6804467091196855 6958672.9788405932000000 1.1768701611884707 2442689.5512871705000000
51.5812189092689980 0.6805742959464770 6959065.4380603749000000 1.1774226567869039 2443673.1734735295000000
51.7812189092690010 0.6806997879015919 6959461.7402040102000000 1.1779716977646633 2444664.0435825000000000
51.9812189092690030 0.6808268626576368 6959855.3945016004000000 1.1785221048672347 2445653.6511296928000000
52.1812189092689990 0.6809494286245819 6960257.1393272867000000 1.1790615380308431 2446663.7434447897000000
52.3812189092690020 0.6810793120071340 6960646.1353794225000000 1.1796153006365133 2447649.7283933582000000
52.5812189092689980 0.6812022065817471 6961047.5826178323000000 1.1801538523130646 2448663.6378785591000000
52.7812189092690010 0.6813326805738718 6961435.8368936218000000 1.1807169879970922 2449635.4343329798000000
52.9812189092690030 0.6814477721220575 6961851.2813996300000000 1.1812585510215765 2450646.3242732137000000
53.1812189092689990 0.6815671047432654 6962259.3964199973000000 1.1818039241458309 2451651.6514643892000000
53.3812189092690020 0.6817017572186945 6962640.7473866548000000 1.1823554392815228 2452647.3347472576000000
53.5812189092689980 0.6818217245972821 6963048.0241642967000000 1.1828859103737204 2453681.0887133935000000
53.7812189092690010 0.6819469920132484 6963446.1391801042000000 1.1834401962999641 2454674.1941871857000000
53.9812189092690030 0.6820723284633701 6963844.2754870467000000 1.1839880984291979 2455679.6429442824000000
54.1812189092689990 0.6821881925076251 6964259.1415193221000000 1.1845384869534308 2456681.8814423699000000
54.3812189092690020 0.6823156191646119 6964653.8944201944000000 1.1850842386558202 2457693.3836719142000000
54.5812189092689980 0.6824388169730787 6965056.1903072502000000 1.1856326101364472 2458701.4431258854000000
54.7812189092690010 0.6825517667042965 6965476.5362003949000000 1.1861731649650720 2459724.3098088834000000
54.9812189092690030 0.6826828807922281 6965865.2685125433000000 1.1867150662875390 2460745.9522998473000000
55.1812189092689990 0.6827873026361653 6966300.7522254121000000 1.1872553608296763 2461771.5305085462000000
55.3812189092690020 0.6829219900179427 6966683.5314813619000000 1.1878027052286513 2462785.9367916822000000
55.5812189092689980 0.6830465421506601 6967084.1444746852000000 1.1883621554211470 2463780.3789963811000000
55.7812189092690010 0.6831726044058765 6967482.2668901859000000 1.1889029572367269 2464808.4837189205000000
55.9812189092690030 0.6832907263457539 6967894.3601625198000000 1.1894386150684775 2465846.6743670637000000
56.1812189092689990 0.6834091160624147 6968306.1141844429000000 1.1899860774361917 2466865.4393088310000000
56.3812189092690020 0.6835362159219074 6968702.8470536480000000 1.1905384800869647 2467876.7551692142000000
56.5812189092689980 0.6836547244223604 6969114.6587454230000000 1.1910853025158425 2468898.9236629223000000
56.7812189092690010 0.6837695555610119 6969532.9856306510000000 1.1916160658735804 2469950.1284526158000000
56.9812189092690030 0.6838947120336069 6969933.5081693474000000 1.1921760979887752 2470951.6317500379000000
57.1812189092689990 0.6840117451150313 6970348.2654784434000000 1.1927081945879492 2472002.7688497165000000
57.3812189092690020 0.6841313222657910 6970758.7364038415000000 1.1932530037149287 2473032.9752863701000000
57.5812189092689980 0.6842479466207224 6971174.4534448823000000 1.1937967726473917 2474066.1213141633000000
57.7812189092690010 0.6843606922772497 6971597.0102523873000000 1.1943401743387700 2475101.0382901486000000
57.9812189092690030 0.6844830429631869 6972003.0607336815000000 1.1948843085864771 2476135.8218455138000000
58.1812189092689990 0.6846057830014759 6972408.5738127967000000 1.1954254866235190 2477176.8537509385000000
58.3812189092690020 0.6847310219540268 6972809.9047664208000000 1.1959785493053685 2478198.4746770519000000
58.5812189092689980 0.6848436452741352 6973233.1680594059000000 1.1964995883904574 2479276.5630634231000000
58.7812189092690010 0.6849581519598611 6973653.2952063158000000 1.1970399460320686 2480322.3905584514000000
58.9812189092690030 0.6850800727342691 6974060.7515211068000000 1.1975905539994682 2481351.6633634055000000
59.1812189092689990 0.6851997436941584 6974472.2214710116000000 1.1981343744858819 2482393.7876121821000000
59.3812189092690020 0.6853110093068060 6974898.3030086802000000 1.1986679723718530 2483454.6595217963000000
59.5812189092689980 0.6854365795692902 6975299.8666672530000000 1.1992223141827314 2484480.9276270131000000
59.7812189092690010 0.6855499295137139 6975722.6009425977000000 1.1997523278691369 2485550.2156416848000000
59.9812189092690030 0.6856657199587658 6976141.2548636533000000 1.2003087524603175 2486575.1920733880000000
60.1812189092689990 0.6857806612566836 6976561.4897789443000000 1.2008378644986304 2487648.2689732127000000
60.3812189092690020 0.6859073684599866 6976961.6371444250000000 1.2013788034209454 2488702.1371388412000000
60.5812189092689980 0.6860175620096694 6977390.2734370790000000 1.2019362896583459 2489728.7331383741000000
60.7812189092690010 0.6861372162180053 6977802.7915781671000000 1.2024651906964376 2490805.5258826073000000
60.9812189092690030 0.6862502671381348 6978226.7591394838000000 1.2030044262407282 2491865.7062549945000000
61.1812189092689990 0.6863690006474308 6978641.1075600656000000 1.2035328332943045 2492945.5624598032000000
61.3812189092690020 0.6864814779844272 6979066.2947807964000000 1.2040827274659829 2493989.7341957092000000
61.5812189092689980 0.6865992292978351 6979482.5730743743000000 1.2046203887612073 2495055.9842371289000000
61.7812189092690010 0.6867140075950554 6979904.0607392173000000 1.2051635970206385 2496113.8718925864000000
61.9812189092690030 0.6868316345402721 6980320.8002483621000000 1.2056882489044716 2497204.6021170812000000
62.1812189092689990 0.6869427998313203 6980748.6998560913000000 1.2062243670341677 2498276.8455580012000000
62.3812189092690020 0.6870516060826439 6981180.7370236311000000 1.2067680613295040 2499337.2783766389000000
62.5812189092689980 0.6871677086565776 6981600.4368291935000000 1.2072989244699508 2500420.7299946654000000
62.7812189092690010 0.6872836164317738 6982020.5910357665000000 1.2078358694786706 2501494.9229662451000000
62.9812189092690030 0.6873956565782421 6982447.4550398709000000 1.2083823205763800 2502554.0445677126000000
63.1812189092689990 0.6875132766346004 6982864.9342492474000000 1.2089233464832707 2503623.5424370253000000
63.3812189092690020 0.6876250010763030 6983292.5684863618000000 1.2094578729452830 2504705.2263695020000000
63.5812189092689980 0.6877486975765957 6983699.9622957446000000 1.2099991143536513 2505776.6098430920000000
63.7812189092690010 0.6878570428288142 6984133.5764529435000000 1.2105263810175559 2506872.8661272810000000
63.9812189092690030 0.6879688900729333 6984561.3501250623000000 1.2110671028879014 2507947.3765601260000000
64.1812189092690060 0.6880885633256648 6984975.9577183481000000 1.2116050409599151 2509027.7394637973000000
64.3812189092689950 0.6881959067596468 6985411.6033575917000000 1.2121344181199112 2510123.7421301426000000
64.5812189092689980 0.6883094601092156 6985836.8288224908000000 1.2126728571162950 2511205.4925971818000000
64.7812189092690010 0.6884132874751375 6986278.6425096309000000 1.2132092297259436 2512291.8665668517000000
64.9812189092690030 0.6885278953322370 6986702.3063780563000000 1.2137363293663352 2513395.0541415629000000
65.1812189092690060 0.6886425869215997 6987125.9477599990000000 1.2142766877052338 2514476.9157170411000000
65.3812189092689950 0.6887550825336758 6987553.4202808701000000 1.2148086902458872 2515574.0291501642000000
65.5812189092689980 0.6888664571175718 6987982.9009793289000000 1.2153440490309764 2516666.5832778988000000
65.7812189092690010 0.6889833117359787 6988403.2428953769000000 1.2158839981891882 2517752.5057197595000000
65.9812189092690030 0.6890907221619947 6988839.6413757075000000 1.2164155726917676 2518853.6837274926000000
66.1812189092690060 0.6891924357580388 6989285.7478111200000000 1.2169358778343820 2519974.9702720116000000
66.3812189092689950 0.6893063009416889 6989711.4717945391000000 1.2174815240535963 2521054.6456820476000000
66.5812189092689980 0.6894164505596097 6990143.5694111343000000 1.2180076898804981 2522168.2611398245000000
66.7812189092690010 0.6895322014626923 6990566.3513505654000000 1.2185446206653507 2523264.8601524862000000
66.9812189092690030 0.6896373232976664 6991007.1285698041000000 1.2190887754659179 2524350.4322414519000000
67.1812189092690060 0.6897514290289581 6991432.9068966340000000 1.2196142990138752 2525468.4506450216000000
67.3812189092689950 0.6898546825407835 6991877.0285671661000000 1.2201337986790715 2526597.6816747319000000
67.5812189092689980 0.6899585979508935 6992320.1337976884000000 1.2206619984777978 2527713.3940762701000000
67.7812189092690010 0.6900750438087644 6992742.3184312526000000 1.2211960414848513 2528820.4079768425000000
67.9812189092690030 0.6901791480473861 6993185.3125378639000000 1.2217268314049470 2529933.9891628157000000
68.1812189092690060 0.6902990936717439 6993601.8677054457000000 1.2222708805783713 2531026.4679206330000000
68.3812189092689950 0.6904025426685486 6994046.1684673866000000 1.2227994802031323 2532145.9451830676000000
68.5812189092689980 0.6905103831480118 6994483.2176574580000000 1.2233314130017590 2533260.9492782396000000
68.7812189092690010 0.6906194225993084 6994918.3668252584000000 1.2238620575440375 2534379.2171739265000000
68.9812189092690030 0.6907191943182499 6995369.1066670679000000 1.2243804840714478 2535519.0050901528000000
69.1812189092690060 0.6908298772866029 6995801.7157450868000000 1.2249103107635120 2536640.8398271515000000
69.3812189092689950 0.6909393667135589 6996236.4268766548000000 1.2254290186527268 2537782.3321778937000000
69.5812189092689980 0.6910444612229511 6996678.5742755774000000 1.2259575890311460 2538908.4607741241000000
69.7812189092690010 0.6911532184600008 6997114.7167057870000000 1.2264946549145694 2540021.5356968511000000
69.9812189092690030 0.6912617949665848 6997551.2665023915000000 1.2270325487024747 2541134.3532834342000000
70.1812189092690060 0.6913612701412888 6998003.0685453610000000 1.2275600779857456 2542265.5424124105000000
70.3812189092689950 0.6914797753638408 6998423.3081051894000000 1.2280858436513649 2543400.7652148539000000
70.5812189092689980 0.6915782293023830 6998877.0005538594000000 1.2285992437483417 2544557.6364103290000000
70.7812189092690010 0.6916848992339379 6999317.1309223762000000 1.2291431858638302 2545664.8498344277000000
70.9812189092690030 0.6917860859870637 6999766.4642681628000000 1.2296694595199504 2546802.5261959760000000
71.1812189092690060 0.6918883905799798 7000214.0333330426000000 1.2301802006161231 2547967.0649323775000000
71.3812189092689950 0.6919973189338151 7000650.7148778830000000 1.2307215623914929 2549081.9094562605000000
71.5812189092689980 0.6921019280565350 7001094.6582622025000000 1.2312361205772875 2550242.2865612805000000
71.7812189092690010 0.6922026590162346 7001545.1192076439000000 1.2317566741930661 2551393.8108626371000000
71.9812189092690030 0.6923103214363059 7001984.2017764607000000 1.2322872480699190 2552529.8433264280000000
72.1812189092690060 0.6924121064802513 7002433.1054005483000000 1.2328198294776858 2553663.6640967941000000
72.3812189092689950 0.6925200083861034 7002871.9939135499000000 1.2333440836431899 2554812.3549347082000000
72.5812189092689980 0.6926300805393875 7003307.4036191311000000 1.2338790872551351 2555944.3907683007000000
72.7812189092690010 0.6927336130173650 7003753.7132467479000000 1.2343982872323997 2557103.6201192481000000
72.9812189092690030 0.6928339582112678 7004205.3735404518000000 1.2349082028265443 2558279.2415229380000000
73.1812189092690060 0.6929348839907058 7004656.1651913784000000 1.2354390590482063 2559421.4182612752000000
73.3812189092689950 0.6930400517233778 7005100.0606792551000000 1.2359557843925975 2560587.9732773681000000
73.5812189092689980 0.6931437164232451 7005546.5282475706000000 1.2364835071074580 2561737.5074533448000000
73.7812189092690010 0.6932423336456309 7006001.3921400439000000 1.2370105869510895 2562889.2001223513000000
73.9812189092690030 0.6933509974595079 7006439.8287694100000000 1.2375351579788880 2564046.1158759845000000
74.1812189092690060 0.6934493506405234 7006895.3058813466000000 1.2380507848501592 2565218.8160082893000000
74.3812189092689950 0.6935468671616005 7007352.2399540450000000 1.2385624471903314 2566399.0981463846000000
74.5812189092689980 0.6936504728468363 7007799.2682812242000000 1.2390913933061030 2567552.0971570984000000
74.7812189092690010 0.6937507343923403 7008251.8733046865000000 1.2396191953390425 2568708.0754385306000000
74.9812189092690030 0.6938463119693152 7008712.2388156196000000 1.2401320468965813 2569889.6449158974000000
75.1812189092690060 0.6939494229695874 7009160.3500370849000000 1.2406521823154586 2571060.3598752613000000
75.3812189092689950 0.6940482239643088 7009615.6059898892000000 1.2411705913597928 2572234.9837731915000000
75.5812189092689980 0.6941509913282243 7010064.4624589700000000 1.2416903424745553 2573408.4947173055000000
75.7812189092690010 0.6942541825464916 7010512.7198099289000000 1.2422156235480744 2574574.0553436261000000
75.9812189092690030 0.6943560244102608 7010963.2743885433000000 1.2427341747677076 2575751.6992473323000000
76.1812189092690060 0.6944567512939447 7011415.7393981237000000 1.2432573311840727 2576922.9110544473000000
76.3812189092689950 0.6945500270510977 7011880.4418654414000000 1.2437745128894058 2578104.9556644824000000
76.5812189092689980 0.6946553756881888 7012325.5460972106000000 1.2442964536702008 2579280.3245233186000000
76.7812189092690010 0.6947503829872196 7012787.5876262728000000 1.2448056538513383 2580477.5271453075000000
76.9812189092690030 0.6948386582411573 7013260.6597411428000000 1.2453103018848179 2581683.1979337139000000
77.1812189092690060 0.6949492370141003 7013697.5263478821000000 1.2458374668665053 2582853.3055588324000000
77.3812189092689950 0.6950409781028425 7014165.1143214991000000 1.2463506306917904 2584047.2651196122000000
77.5812189092689980 0.6951449607251842 7014612.8925719922000000 1.2468810703897788 2585214.2401144714000000
77.7812189092690010 0.6952461227981456 7015065.3440061696000000 1.2473897404639567 2586417.6504516285000000
77.9812189092690030 0.6953346010530128 7015538.4548809882000000 1.2478946703297864 2587628.1863160222000000
78.1812189092690060 0.6954328727074326 7015995.7564440360000000 1.2484154506621119 2588814.0862149904000000
78.3812189092689950 0.6955347100166530 7016447.3667958966000000 1.2489472401727686 2589983.2426273716000000
78.5812189092689980 0.6956325808287719 7016905.4880258720000000 1.2494402654011909 2591216.2475794964000000
78.7812189092690010 0.6957282709949184 7017367.2187980385000000 1.2499518646209378 2592420.2375216978000000
78.9812189092690030 0.6958155750257086 7017842.5817611599000000 1.2504719566632114 2593611.5671032639000000
79.1812189092690060 0.6959209023271135 7018288.8934141882000000 1.2509759062821264 2594830.0545827397000000
79.3812189092689950 0.6960131481009513 7018756.4187943060000000 1.2515000556693934 2596016.9874198576000000
79.5812189092689980 0.6961049382249398 7019224.7495198194000000 1.2520148232216168 2597220.1469670823000000
79.7812189092690010 0.6962023480124814 7019684.0911968136000000 1.2525239159482771 2598433.5271775965000000
79.9812189092690030 0.6962975955152330 7020146.9975689398000000 1.2530412910672371 2599634.6268386161000000
80.1812189092690060 0.6963881209600209 7020617.5821311176000000 1.2535447351474434 2600859.2308380278000000
80.3812189092689950 0.6964900164398528 7021069.9429234788000000 1.2540629106477987 2602061.1858241390000000
80.5812189092689980 0.6965810633411915 7021539.8348417087000000 1.2545722278159042 2603278.4618771388000000
80.7812189092690010 0.6966732011863227 7022008.0419447739000000 1.2550807498844254 2604498.0767128137000000
80.9812189092690030 0.6967748897208883 7022460.9866926195000000 1.2555974727774175 2605705.5858663428000000
81.1812189092690060 0.6968677676387433 7022928.1571644982000000 1.2561085451919221 2606923.2376615526000000
81.3812189092689950 0.6969558921512549 7023403.0200330717000000 1.2566132985334235 2608152.0855256403000000
81.5812189092689980 0.6970522840862723 7023864.6989506315000000 1.2571237710852139 2609372.8221477945000000
81.7812189092690010 0.6971473755469921 7024328.5393446200000000 1.2576389327604214 2610587.1154240342000000
81.9812189092690030 0.6972306297860844 7024811.3950290289000000 1.2581261205199357 2611847.2392994119000000
82.1812189092690060 0.6973260311047056 7025274.8802135959000000 1.2586389233481396 2613067.4220511774000000
82.3812189092689950 0.6974252696057121 7025732.3117595445000000 1.2591605773349854 2614274.5319941211000000
82.5812189092689980 0.6975167759215800 7026202.1745726354000000 1.2596671624602711 2615506.7902476648000000
82.7812189092690010 0.6976082229745816 7026672.2006732449000000 1.2601769636925924 2616734.9725761022000000
82.9812189092690030 0.6977015298213739 7027139.3299648808000000 1.2606843814538840 2617968.0179262804000000
83.1812189092690060 0.6977982038602341 7027601.1666509882000000 1.2611964235170481 2619194.7523867604000000
83.3812189092689950 0.6978771931746111 7028091.2427363917000000 1.2616968487517046 2620441.0518614277000000
83.5812189092689980 0.6979721903345180 7028555.8883873727000000 1.2621926613702212 2621695.7331870506000000
83.7812189092690010 0.6980535124063843 7029042.3554138867000000 1.2626966791551522 2622938.3994572815000000
83.9812189092690030 0.6981491897400727 7029506.0579921845000000 1.2632000354535300 2624183.1668998832000000
84.1812189092690060 0.6982403380786972 7029977.0301527400000000 1.2637107544624266 2625417.2914067348000000
84.3812189092689950 0.6983269255648489 7030455.3076342288000000 1.2642001573585275 2626686.3060798594000000
84.5812189092689980 0.6984170313068545 7030928.0639851838000000 1.2647086062752197 2627926.1365271169000000
84.7812189092690010 0.6985041478328133 7031405.6229080278000000 1.2652093752830360 2629179.1968377773000000
84.9812189092690030 0.6986042139698037 7031862.7342123967000000 1.2657175417947522 2630421.5856077960000000
85.1812189092690060 0.6986888046451653 7032344.4226418063000000 1.2662150461978505 2631681.9061940797000000
85.3812189092689950 0.6987757259982630 7032822.4789537927000000 1.2667264737073554 2632921.2446799846000000
85.5812189092689980 0.6988541833850556 7033313.9696444739000000 1.2672126453073178 2634201.5615750561000000
85.7812189092690010 0.6989564459344835 7033767.9070073273000000 1.2677308829342542 2635432.2503884663000000
85.9812189092690030 0.6990389699978341 7034253.0863812044000000 1.2682284624697133 2636696.6214513760000000
86.1812189092690060 0.6991248102766006 7034733.0850532120000000 1.2687154219030359 2637978.7769020079000000
86.3812189092689950 0.6992147153941626 7035206.7340773847000000 1.2692221698164066 2639230.7596730734000000
86.5812189092689980 0.6992966543526127 7035692.9938506596000000 1.2697308919817831 2640480.6893699504000000
86.7812189092690010 0.6993901141909318 7036161.1702585239000000 1.2702287324235297 2641748.8047625530000000
86.9812189092690030 0.6994729105973233 7036646.1897243718000000 1.2707162304615331 2643034.2220810531000000
87.1812189092690060 0.6995511343819372 7037138.4451293927000000 1.2712011173805795 2644324.7571192356000000
87.3812189092689950 0.6996527030216777 7037594.0772569627000000 1.2717195733637836 2645563.5805492881000000
87.5812189092689980 0.6997281955216198 7038090.7240009168000000 1.2722078199080966 2646850.8964592414000000
87.7812189092690010 0.6998177335467601 7038565.3766895505000000 1.2727243902804437 2648094.8074987074000000
87.9812189092690030 0.6999051470563311 7039043.4233335974000000 1.2732015243374437 2649401.6015923098000000
88.1812189092690060 0.6999812782565756 7039539.1992930081000000 1.2737090171352201 2650661.8414286128000000
88.3812189092689950 0.7000716855269586 7040012.6677260818000000 1.2741982232011244 2651951.7585279620000000
88.5812189092689980 0.7001560221989404 7040495.6965283388000000 1.2746855509705881 2653245.6310747564000000
88.7812189092690010 0.7002352453144559 7040986.7701090369000000 1.2751795883954928 2654530.0311630154000000
88.9812189092690030 0.7003208616983011 7041467.9007297466000000 1.2756742800879390 2655814.4378712093000000
89.1812189092690060 0.7004069796891385 7041948.3042956991000000 1.2761807799011111 2657081.4457722064000000
89.3812189092689950 0.7004872637016107 7042437.8633425618000000 1.2766567825947286 2658397.0722229844000000
89.5812189092689980 0.7005760876569236 7042914.1570725087000000 1.2771585437522146 2659673.5433071563000000
89.7812189092690010 0.7006544541420505 7043406.8001022888000000 1.2776627145928958 2660947.3068453232000000
89.9812189092690030 0.7007368627130899 7043893.1923365006000000 1.2781350713968784 2662271.6335923397000000
90.1812189092690060 0.7008274434180823 7044366.9238546388000000 1.2786471227180178 2663535.2076617740000000
90.3812189092689950 0.7009051755807049 7044860.6903110966000000 1.2791201366700191 2664860.5187397683000000
90.5812189092689980 0.7009739666253420 7045368.3812562795000000 1.2796056566258400 2666167.3900780892000000
90.7812189092690010 0.7010622740094962 7045845.8028681530000000 1.2801050542671415 2667453.7338343505000000
90.9812189092690030 0.7011515145073214 7046321.8389872471000000 1.2806038174691148 2668742.1016971199000000
91.1812189092690060 0.7012321448190377 7046811.2825629096000000 1.2810918291692828 2670048.1706914762000000
91.3812189092689950 0.7013121229112400 7047301.7810901832000000 1.2815751032929283 2671362.5920018284000000
91.5812189092689980 0.7013909378397453 7047794.1231599599000000 1.2820620225400026 2672672.3771799379000000
91.7812189092690010 0.7014707235192191 7048285.0048742695000000 1.2825597830848292 2673966.4093218343000000
91.9812189092690030 0.7015488605038530 7048778.4775061561000000 1.2830497368956479 2675273.5426440467000000
92.1812189092690060 0.7016307286485485 7049266.2274825387000000 1.2835268109519742 2676601.5859165578000000
92.3812189092689950 0.7017068716750462 7049762.8601343557000000 1.2840071353950513 2677925.6046163980000000
92.5812189092689980 0.7017981600198177 7050236.1718128445000000 1.2845105736472853 2679214.9774333062000000
92.7812189092690010 0.7018635139178712 7050749.5175559111000000 1.2849967580372577 2680531.9881398827000000
92.9812189092690030 0.7019439938159565 7051239.5815753723000000 1.2854679097229784 2681873.1597843627000000
93.1812189092690060 0.7020294710948528 7051721.9998653652000000 1.2859538075651327 2683192.6178138703000000
93.3812189092689950 0.7020998406591272 7052227.7056584451000000 1.2864339666441751 2684521.9114681426000000
93.5812189092689980 0.7021803851108828 7052717.7984258551000000 1.2869238004735195 2685837.3364517270000000
93.7812189092690010 0.7022507297866495 7053223.5984074324000000 1.2874093649903378 2687160.3366726032000000
93.9812189092690030 0.7023255430645904 7053722.5637416821000000 1.2878904573750065 2688491.2093782653000000
94.1812189092690060 0.7024059353128306 7054213.0064226631000000 1.2883602627941286 2689840.3897709688000000
94.3812189092689950 0.7024892809482182 7054698.9679112397000000 1.2888521374077235 2691156.7290720432000000
94.5812189092689980 0.7025649659398918 7055196.7102240659000000 1.2893171544231252 2692515.2169282450000000
94.7812189092690010 0.7026431318682337 7055690.6904144846000000 1.2898193971750722 2693817.7100697989000000
94.9812189092690030 0.7027146265427634 7056194.9105793238000000 1.2902880217747408 2695172.6528621791000000
95.1812189092690060 0.7027905439105799 7056692.3979964117000000 1.2907673138322986 2696512.2695165859000000
95.3812189092689950 0.7028641191685117 7057193.4959642170000000 1.2912536651497251 2697842.1041389634000000
95.5812189092689980 0.7029416804662787 7057688.5416017799000000 1.2917363230400827 2699178.5858185352000000
95.7812189092690010 0.7030160029653489 7058188.5634055138000000 1.2921947767662139 2700552.9744248344000000
95.9812189092690030 0.7030911631865925 7058687.3398925569000000 1.2926767589431356 2701892.4666390275000000
96.1812189092690060 0.7031599014417085 7059195.9265283709000000 1.2931551824883931 2703238.3790565711000000
96.3812189092689950 0.7032400335126182 7059687.1975648403000000 1.2936575071838463 2704548.9230550397000000
96.5812189092689980 0.7033060455790364 7060199.9788681092000000 1.2941152451213893 2705928.2987931687000000
96.7812189092690010 0.7033920982654233 7060682.3272359986000000 1.2945957194449609 2707274.0826532235000000
96.9812189092690030 0.7034590857877918 7061193.6752597615000000 1.2950667692715507 2708635.1729285596000000
97.1812189092690060 0.7035309159672020 7061697.6918451246000000 1.2955429257735722 2709989.4946734537000000
97.3812189092689950 0.7036057438620778 7062197.1896500532000000 1.2960097071913923 2711359.0179177136000000
97.5812189092689980 0.7036764681319313 7062702.9358535288000000 1.2964938144940468 2712703.2643738631000000
97.7812189092690010 0.7037470892640177 7063208.8612955511000000 1.2969556184565323 2714082.2792839045000000
97.9812189092690030 0.7038093435526289 7063727.4657380981000000 1.2974260442061525 2715449.2106442470000000
98.1812189092690060 0.7038933592431836 7064213.1811402272000000 1.2979069915260946 2716801.2150700535000000
98.3812189092689950 0.7039634123210685 7064720.0387400277000000 1.2983894424407609 2718151.9483906934000000
98.5812189092689980 0.7040321404829939 7065228.9177641943000000 1.2988508949901005 2719535.3794235336000000
98.7812189092690010 0.7041058375453890 7065730.3210139135000000 1.2993164611322070 2720913.5634398721000000
98.9812189092690030 0.7041697238888166 7066246.5404634299000000 1.2997849522982980 2722288.3053187774000000
99.1812189092690060 0.7042406677012825 7066752.1388178086000000 1.3002553055084372 2723661.2155978214000000
99.3812189092689950 0.7043085673083955 7067262.3422748260000000 1.3007224097475203 2725039.9924858520000000
99.5812189092689980 0.7043847677101308 7067760.0789587917000000 1.3011968192465526 2726408.7526897755000000
99.7812189092690010 0.7044531732140410 7068269.5650090845000000 1.3016628762891418 2727791.0508926138000000
99.9812189092690030 0.7045217223921371 7068778.8532968406000000 1.3021283331401863 2729175.2179265223000000
100.1812189092690100 0.7045853940298549 7069295.4793031570000000 1.3025873398518422 2730570.0304671642000000
100.3812189092689900 0.7046555770736805 7069802.3488170290000000 1.3030643003688205 2731938.8725990728000000
100.5812189092690000 0.7047283185602801 7070305.4064959968000000 1.3035407171773996 2733309.5207832479000000
100.7812189092690000 0.7047861699283995 7070830.7874717824000000 1.3039932049589469 2734716.9894440123000000
100.9812189092690000 0.7048658994700782 7071323.4277929347000000 1.3044746855980072 2736082.0149394325000000
101.1812189092690100 0.7049217819792953 7071851.7662736494000000 1.3049266988310686 2737492.1005273089000000
101.3812189092689900 0.7049984997456509 7072348.9657955477000000 1.3053971833307256 2738875.5253732400000000
101.5812189092690000 0.7050638066589530 7072863.2377075255000000 1.3058595771731514 2740272.0066596810000000
101.7812189092690000 0.7051195124417625 7073391.8446839917000000 1.3063023896775614 2741698.6607606700000000
101.9812189092690000 0.7051899300652730 7073898.5094021205000000 1.3067833625109484 2743069.3420508648000000
102.1812189092690100 0.7052558830917742 7074411.8474153616000000 1.3072295486675032 2744492.8455108902000000
102.3812189092689900 0.7053229065187208 7074923.6045900444000000 1.3076954288609706 2745887.9561705077000000
102.5812189092690000 0.7053891562905852 7075436.5275079934000000 1.3081589382389476 2747287.5606006300000000
102.7812189092690000 0.7054457252905266 7075963.8534489088000000 1.3086228928728365 2748687.4651310202000000
102.9812189092690000 0.7055184710029657 7076467.1435419349000000 1.3090741008088089 2750107.2657435462000000
103.1812189092690100 0.7055826290329600 7076983.2072728788000000 1.3095414687091405 2751504.0160480179000000
103.3812189092689900 0.7056452159379986 7077501.6098517338000000 1.3100015258322348 2752912.5797307137000000
103.5812189092690000 0.7057058696732325 7078022.8826942369000000 1.3104475534577791 2754342.8903700598000000
103.7812189092690000 0.7057736002670557 7078533.6758988407000000 1.3109055297694783 2755756.4291243413000000
103.9812189092690000 0.7058337079832564 7079055.7664269181000000 1.3113638279770550 2757170.4413590673000000
104.1812189092690100 0.7059044396265217 7079562.1462434977000000 1.3118306410791620 2758572.8124752007000000
104.3812189092689900 0.7059644807278979 7080084.3463217830000000 1.3122892251224978 2759988.3127374197000000
104.5812189092690000 0.7060158489408809 7080619.3523435751000000 1.3127243010018506 2761439.4762162641000000
104.7812189092690000 0.7060893252337562 7081121.7184757423000000 1.3131922895819759 2762842.9767109919000000
104.9812189092690000 0.7061434536844035 7081652.6402007937000000 1.3136341224152632 2764286.0132075395000000
105.1812189092690100 0.7062057748178302 7082171.4781691935000000 1.3140878500130881 2765712.4395039869000000
105.3812189092689900 0.7062667181343165 7082692.3491507201000000 1.3145480949330863 2767130.2113999925000000
105.5812189092690000 0.7063306714256332 7083208.7936106771000000 1.3149967333350034 2768566.0127868634000000
105.7812189092690000 0.7063909949281169 7083730.5821096869000000 1.3154498386463112 2769996.1770744650000000
105.9812189092690000 0.7064442754092613 7084262.7165823905000000 1.3158929329586904 2771441.9861361226000000
106.1812189092690100 0.7065019855817540 7084788.3337029060000000 1.3163323200992696 2772894.1540639796000000
106.3812189092689900 0.7065682010527078 7085301.4700700818000000 1.3167877038083742 2774323.7681045607000000
106.5812189092690000 0.7066237020354688 7085830.3233114555000000 1.3172483335122369 2775746.6374449218000000
106.7812189092690000 0.7066827566099871 7086353.9616764076000000 1.3176837633342318 2777207.3694074182000000
106.9812189092690000 0.7067397873230203 7086880.5592874428000000 1.3181295383403684 2778653.8619599063000000
107.1812189092690100 0.7068049157725646 7087395.3078452982000000 1.3185890842493013 2780081.1393201593000000
107.3812189092689900 0.7068663071899868 7087915.5279332437000000 1.3190415557284212 2781519.7077295864000000
107.5812189092690000 0.7069164300287609 7088452.2048236541000000 1.3194847101968332 2782972.8185885069000000
107.7812189092690000 0.7069727302138988 7088979.8461464280000000 1.3199137126717240 2784447.4960681628000000
107.9812189092690000 0.7070231241281637 7089516.0901865754000000 1.3203588112270224 2785899.5917661758000000
108.1812189092690100 0.7070908044189949 7090027.1278279284000000 1.3208177821088110 2787332.3983059227000000
108.3812189092689900 0.7071444887429258 7090558.5573058426000000 1.3212563767861361 2788795.8209677879000000
108.5812189092690000 0.7072080908653878 7091075.5446586283000000 1.3216967724266844 2790257.5311399437000000
108.7812189092690000 0.7072558079621102 7091615.6303074444000000 1.3221333981139367 2791725.6328071449000000
108.9812189092690000 0.7073085351313798 7092148.4111347264000000 1.3225867026411025 2793170.4108795542000000
109.1812189092690100 0.7073672426566784 7092672.4952562274000000 1.3230272129805909 2794634.6986349057000000
109.3812189092689900 0.7074265900525507 7093195.6478821486000000 1.3234666789331087 2796101.4127218537000000
109.5812189092700100 0.7074765627689155 7093732.3847956164000000 1.3239046685938607 2797571.1756528653000000
109.7812189092700000 0.7075313035412930 7094262.1941942992000000 1.3243476014302320 2799034.6861229297000000
109.9812189092700000 0.7075847346727013 7094793.8865867984000000 1.3247793906180139 2800515.2391532939000000
110.1812189092700000 0.7076472647936868 7095312.4070092440000000 1.3252255380380118 2801975.9229920218000000
110.3812189092700000 0.7076889781267969 7095861.0101741515000000 1.3256461432942508 2803474.4362383867000000
110.5812189092700100 0.7077472396671429 7096385.6805122802000000 1.3260884887354847 2804942.4292309550000000
110.7812189092700000 0.7077990594795034 7096919.6398402173000000 1.3265345077162374 2806406.0380099267000000
110.9812189092700000 0.7078509500073863 7097453.4786511976000000 1.3269679175234133 2807888.7478423612000000
111.1812189092700000 0.7078998657541824 7097991.5842376268000000 1.3274042427945847 2809368.1539567220000000
111.3812189092700000 0.7079485204444949 7098530.0406529354000000 1.3278356734301420 2810855.5078956746000000
111.5812189092700100 0.7080072223230617 7099054.0204636427000000 1.3282714458726217 2812337.5086172996000000
111.7812189092700000 0.7080529932333098 7099596.5814767741000000 1.3286975628441082 2813834.2876399313000000
111.9812189092700000 0.7081034816906178 7100132.3356221784000000 1.3291211195739505 2815335.6235728171000000
112.1812189092700000 0.7081584579163786 7100661.6281184023000000 1.3295643865365960 2816809.5490005882000000
112.3812189092700000 0.7082047528453482 7101203.3574077878000000 1.3299881131698390 2818312.4117706576000000
112.5812189092700100 0.7082574437936917 7101735.8914394127000000 1.3304095690546618 2819819.4030021094000000
112.7812189092700000 0.7083008347441581 7102281.7240832271000000 1.3308343932052238 2821322.4415383572000000
112.9812189092700000 0.7083558712952289 7102810.8587169712000000 1.3312738376168516 2822805.4406196717000000
113.1812189092700000 0.7084105435852873 7103340.5024825139000000 1.3316965705346100 2824313.2391261719000000
113.3812189092700000 0.7084519973207821 7103889.0162064759000000 1.3321334372948470 2825801.7204234870000000
113.5812189092700100 0.7084955389553602 7104434.5083619673000000 1.3325494410034557 2827320.8847742109000000
113.7812189092700000 0.7085441119258569 7104972.7876139302000000 1.3329827675541883 2828816.1996858953000000
113.9812189092700000 0.7085938309759818 7105509.4077070467000000 1.3334149336114356 2830314.0643149549000000
114.1812189092700000 0.7086432524707955 7106046.4282736694000000 1.3338360656934802 2831828.5356439371000000
114.3812189092700000 0.7086963456035614 7106578.2001573192000000 1.3342546731797527 2833347.4685720121000000
114.5812189092700100 0.7087348431249243 7107130.7097608270000000 1.3346841996674874 2834851.7392414706000000
114.7812189092700000 0.7087862299191651 7107664.8582496624000000 1.3350962748924282 2836381.6923636454000000
114.9812189092700000 0.7088321529342583 7108206.7441221559000000 1.3355181196150894 2837898.6247905595000000
115.1812189092700000 0.7088721077927609 7108757.0649544317000000 1.3359332333825011 2839425.9765487481000000
115.3812189092700000 0.7089138416125732 7109304.8193670288000000 1.3363441299523562 2840960.1622031853000000
115.5812189092700100 0.7089673991763351 7109835.7854022253000000 1.3367898293190279 2842445.8985753963000000
115.7812189092700000 0.7090032664388003 7110391.7743294723000000 1.3371959468303212 2843988.5796206249000000
115.9812189092700000 0.7090648037620884 7110911.4057958312000000 1.3376294700229532 2845493.3384445417000000
116.1812189092700000 0.7090854151236981 7111488.8744093115000000 1.3380382194139280 2847034.0025898414000000
116.3812189092700000 0.7091385094698391 7112020.3881049743000000 1.3384506467412489 2848570.3152032690000000
116.5812189092700100 0.7091769427615016 7112572.5720407022000000 1.3388709380732531 2850096.3819687990000000
116.7812189092700000 0.7092257104816228 7113110.1377237085000000 1.3392846147910522 2851632.6416512430000000
116.9812189092700000 0.7092714219836723 7113651.9834751766000000 1.3396987209603193 2853169.1490276782000000
117.1812189092700000 0.7093133501532255 7114199.1227947772000000 1.3401351305049618 2854675.1140420968000000
117.3812189092700000 0.7093573508455968 7114743.3064971771000000 1.3405454810698509 2856218.6356573049000000
117.5812189092700100 0.7093980891590545 7115292.0395293627000000 1.3409577786483093 2857760.2661575768000000
117.7812189092700000 0.7094343070964864 7115847.0778933773000000 1.3413559995103232 2859322.5155686764000000
117.9812189092700000 0.7094763522395011 7116393.8859771406000000 1.3417688032675790 2860865.1196259186000000
118.1812189092700000 0.7095167031569497 7116943.0294996826000000 1.3421691721472833 2862426.0106700989000000
118.3812189092700000 0.7095550724556942 7117494.9055581540000000 1.3425817573604970 2863970.6087946119000000
118.5812189092700100 0.7095983766616094 7118039.8243964408000000 1.3429942424865338 2865516.1972924182000000
118.7812189092700000 0.7096366384756705 7118591.7596606687000000 1.3434109566137304 2867056.7197795482000000
118.9812189092700000 0.7096719786575664 7119147.7303288896000000 1.3438134236070773 2868618.0165449795000000
119.1812189092700000 0.7097138855776071 7119694.4741042443000000 1.3442132660529760 2870183.8071647831000000
119.3812189092700000 0.7097612284728835 7120233.5906835329000000 1.3446162129159442 2871746.0874658227000000
119.5812189092700100 0.7097969638298357 7120788.8657783084000000 1.3450171229188550 2873312.0373549508000000
119.7812189092700000 0.7098377380562526 7121337.0653965417000000 1.3454443483236467 2874842.1428182451000000
119.9812189092700000 0.7098630447487935 7121906.7581711039000000 1.3458342625005990 2876425.0808262434000000
120.1812189092700000 0.7099050701930687 7122453.1139580403000000 1.3462397223574958 2877987.1913719163000000
120.3812189092700000 0.7099424133743927 7123005.9385016831000000 1.3466373468560862 2879561.0288936677000000
120.5812189092700100 0.7099772059064475 7123562.2554625412000000 1.3470460569483527 2881120.2852208642000000
120.7812189092700000 0.7100160882783422 7124112.8396587428000000 1.3474489139983170 2882688.5070718694000000
120.9812189092700000 0.7100499066123704 7124670.3997944659000000 1.3478493877255022 2884260.8631443265000000
121.1812189092700000 0.7100837600292489 7125227.8529704735000000 1.3482421782073120 2885844.6901186882000000
121.3812189092700000 0.7101286108868448 7125770.0198996644000000 1.3486476058395549 2887411.8254267657000000
121.5812189092700100 0.7101525364699598 7126341.1045982260000000 1.3490425674344824 2888994.2758788802000000
121.7812189092700000 0.7101891145550104 7126894.6172673497000000 1.3494315651814719 2890585.7828315916000000
121.9812189092700000 0.7102224226838015 7127452.5947172102000000 1.3498258576383964 2892170.7741363589000000
122.1812189092700000 0.7102516994264716 7128016.0771977454000000 1.3502170438036449 2893760.8631022191000000
122.3812189092700000 0.7102919999245051 7128564.2873030351000000 1.3506225013644275 2895332.0720919948000000
122.5812189092700100 0.7103258677539546 7129121.3181444276000000 1.3510307574767471 2896900.2588506839000000
122.7812189092700000 0.7103585415225768 7129679.9349293951000000 1.3514073523120458 2898512.8842909741000000
122.9812189092700000 0.7103886102444242 7130242.0751298908000000 1.3517981168873185 2900106.7845303491000000
123.1812189092700000 0.7104162345264535 7130807.5093699833000000 1.3521909096371796 2901698.6986513282000000
123.3812189092700000 0.7104507521979762 7131363.4019595096000000 1.3525853837873179 2903289.1096843835000000
123.5812189092700100 0.7104807229929111 7131925.4788397681000000 1.3529787357960836 2904881.8713818882000000
123.7812189092700000 0.7105156683830682 7132480.6659982856000000 1.3533592345165215 2906493.0697600236000000
123.9812189092700000 0.7105465353034085 7133041.3864814341000000 1.3537649402120748 2908070.5031655873000000
124.1812189092700000 0.7105658346742497 7133617.8820225196000000 1.3541380390681448 2909693.4215989476000000
124.3812189092700000 0.7106122184156143 7134157.2290607402000000 1.3545256098051732 2911297.3023643587000000
124.5812189092700100 0.7106273587455616 7134739.2597552063000000 1.3549024135141154 2912916.6985308919000000
124.7812189092700000 0.7106631592411311 7135292.9680152806000000 1.3552965333063431 2914513.2114907792000000
124.9812189092700000 0.7106899311868402 7135858.9457712471000000 1.3556831163710372 2916120.8213448776000000
125.1812189092700000 0.7107262310479035 7136411.8547642287000000 1.3560763810596723 2917720.1113518164000000
125.3812189092700000 0.7107457649080278 7136987.5589295886000000 1.3564578844177040 2919336.2370149922000000
125.5812189092700100 0.7107805561721444 7137542.3976234915000000 1.3568304366443735 2920965.3330777604000000
125.7812189092700000 0.7107984397926882 7138120.1841384815000000 1.3572057398342621 2922591.4484587796000000
125.9812189092700000 0.7108355434463899 7138671.7478532996000000 1.3575945902318851 2924199.9148605671000000
126.1812189092700000 0.7108617532209897 7139238.0583529361000000 1.3579611980760393 2925839.3932260559000000
126.3812189092700000 0.7108769053157212 7139819.3021389730000000 1.3583346484194017 2927470.3334788098000000
126.5812189092700100 0.7109209992776946 7140361.1955792299000000 1.3587284014020391 2929074.5035018856000000
126.7812189092700000 0.7109352605339717 7140943.4793101698000000 1.3591049843049545 2930702.7493594470000000
126.9812189092700000 0.7109635963899254 7141506.6045203060000000 1.3594821764332872 2932330.9413172435000000
127.1812189092700000 0.7109772177910135 7142089.5664514434000000 1.3598617811481393 2933956.6415838553000000
127.3812189092700000 0.7110099075539095 7142646.6486605937000000 1.3602398942971299 2935585.1357652536000000
127.5812189092700100 0.7110311278492729 7143219.1618030062000000 1.3605964356069198 2937243.5417116638000000
127.7812189092700000 0.7110544804332466 7143788.7109420635000000 1.3609755993496893 2938872.1429661587000000
127.9812189092700000 0.7110787564797502 7144356.9332125532000000 1.3613630734646216 2940490.3140748981000000
128.1812189092700000 0.7110973123801712 7144932.7834307943000000 1.3617218921670717 2942147.8911103145000000
128.3812189092699900 0.7111263289766431 7145494.4579850528000000 1.3620906511716060 2943792.8171664556000000
128.5812189092700100 0.7111433612987413 7146072.1850545611000000 1.3624537836216695 2945446.0660197092000000
128.7812189092700000 0.7111711237554282 7146635.3938730862000000 1.3628252439660244 2947088.8624216001000000
128.9812189092700100 0.7111919413564652 7147207.8580054604000000 1.3632000841846785 2948727.8791554710000000
129.1812189092700000 0.7112206370879149 7147769.6629340854000000 1.3635705743758140 2950373.5004477445000000
129.3812189092699900 0.7112322340235817 7148354.3249017810000000 1.3639363391453652 2952026.2153278310000000
129.5812189092700100 0.7112489448742632 7148932.0280754492000000 1.3642850156650617 2953702.5714016720000000
129.7812189092700000 0.7112759893966028 7149495.8017936451000000 1.3646692016913622 2955332.1020177864000000
129.9812189092700100 0.7113029680181653 7150059.5901104044000000 1.3650289497442440 2956995.1074383203000000
130.1812189092700000 0.7113154801973401 7150642.6386314929000000 1.3653924731730998 2958653.8010957520000000
130.3812189092699900 0.7113328149617844 7151219.1417883867000000 1.3657513204810643 2960319.4812654117000000
130.5812189092700100 0.7113527516847850 7151792.0783568174000000 1.3661322511236935 2961956.4281371161000000
130.7812189092700000 0.7113707315384346 7152367.5346085075000000 1.3664700496168505 2963651.6580855493000000
130.9812189092700100 0.7113892251925302 7152942.2129678233000000 1.3668371706443532 2965308.5137863243000000
131.1812189092700000 0.7114010904517074 7153525.6212595059000000 1.3672005775708702 2966971.0628969450000000
131.3812189092699900 0.7114213554251112 7154097.7519844780000000 1.3675614217392755 2968637.7620313209000000
131.5812189092700100 0.7114341236525302 7154679.7558281012000000 1.3678960083908742 2970340.0881118001000000
131.7812189092700000 0.7114565252781797 7155248.8645340502000000 1.3682682975883884 2971993.0353708537000000
131.9812189092700100 0.7114713829562936 7155827.8972024191000000 1.3686111765853677 2973685.7594041266000000
132.1812189092700000 0.7114867362389774 7156406.1725754989000000 1.3689794460308504 2975345.5251569315000000
132.3812189092699900 0.7115021365428992 7156984.2863800321000000 1.3693150713519908 2977049.2773577180000000
132.5812189092700100 0.7115131870539354 7157568.0570968334000000 1.3696791570477047 2978716.0485754479000000
132.7812189092690000 0.7115274034144788 7158147.5331448456000000 1.3700276522246260 2980404.1769825974000000
132.9812189092689900 0.7115399922350778 7158729.0575430579000000 1.3703723680882807 2982098.0073254257000000
133.1812189092690100 0.7115614650359305 7159298.7495430550000000 1.3707231588159505 2983784.5194746424000000
133.3812189092689900 0.7115708311812810 7159884.3233380849000000 1.3710905709108825 2985449.8234095778000000
133.5812189092690100 0.7115826737620914 7160466.5211465051000000 1.3714325084397636 2987149.4488085750000000
133.7812189092690000 0.7115959375090446 7161046.7406084035000000 1.3717671600518608 2988859.3623592616000000
133.9812189092689900 0.7116071085157972 7161629.6093898993000000 1.3721209163569594 2990544.8198056147000000
134.1812189092690100 0.7116242108865040 7162204.5726479506000000 1.3724791117146062 2992225.1624632785000000
134.3812189092689900 0.7116284250690483 7162796.3681645198000000 1.3728059439199798 2993947.4288226953000000
134.5812189092690100 0.7116472619768834 7163368.8498779293000000 1.3731570665629684 2995638.4792931341000000
134.7812189092690000 0.7116516374994421 7163960.2022033790000000 1.3734882272068800 2997356.4194437144000000
134.9812189092689900 0.7116540343948193 7164554.0233184621000000 1.3738229041276944 2999070.4236231865000000
135.1812189092690100 0.7116665305597960 7165134.4961563377000000 1.3741744733895946 3000762.9934798293000000
135.3812189092689900 0.7116823130233303 7165710.5649757925000000 1.3745096269466310 3002477.7498795674000000
135.5812189092690100 0.7116851675584111 7166303.4302071184000000 1.3748640276527906 3004168.0326456968000000
135.7812189092690000 0.7116990033467275 7166881.8297179313000000 1.3751924093680634 3005893.0116757853000000
135.9812189092689900 0.7117102963329850 7167463.4439294254000000 1.3755302182782467 3007606.3561126767000000
136.1812189092690100 0.7117195981162274 7168047.5454191510000000 1.3758737348889878 3009312.9455624176000000
136.3812189092689900 0.7117268246422863 7168634.2371012662000000 1.3762028370577355 3011039.0071891537000000
136.5812189092690100 0.7117256761929026 7169231.7103879172000000 1.3765460551151447 3012747.3650693838000000
136.7812189092690000 0.7117331384278817 7169817.8517425684000000 1.3768597019976938 3014494.8706698259000000
136.9812189092689900 0.7117352335504379 7170410.8490844304000000 1.3771973194052405 3016211.8666684916000000
137.1812189092690100 0.7117425291520635 7170996.9671948897000000 1.3775418041565821 3017920.6331901662000000
137.3812189092689900 0.7117514935926370 7171580.8036465673000000 1.3778633831250744 3019659.8079507528000000
137.5812189092690100 0.7117510944906331 7172176.6605865657000000 1.3781832961168266 3021401.7912522228000000
137.7812189092690000 0.7117562106335038 7172765.2423566356000000 1.3785342819092150 3023104.1879306817000000
137.9812189092689900 0.7117597134902540 7173355.7891921829000000 1.3788599485667530 3024840.0537875472000000
138.1812189092690100 0.7117676399640551 7173940.4925325513000000 1.3791722195540326 3026593.8933058167000000
138.3812189092689900 0.7117670560861442 7174536.0710538216000000 1.3794939180795265 3028336.1863671555000000
138.5812189092690100 0.7117753262338149 7175120.0898222011000000 1.3798260817883996 3030065.6250200765000000
138.7812189092690000 0.7117787128910291 7175710.2897237223000000 1.3801513591638142 3031804.6149712065000000
138.9812189092689900 0.7117760692374558 7176308.1320043597000000 1.3804760545176031 3033545.0123169641000000
139.1812189092690100 0.7117792534417888 7176898.3341195844000000 1.3807777841049687 3035315.6253008517000000
139.3812189092689900 0.7117813736552879 7177489.7782000033000000 1.3811177855556842 3037037.6263869819000000
139.5812189092690100 0.7117856191620884 7178078.3627970032000000 1.3814340548182178 3038790.8110457789000000
139.7812189092690000 0.7117859660817941 7178671.8284161892000000 1.3817455071758560 3040550.8174894657000000
139.9812189092689900 0.7117839612773969 7179268.1780301351000000 1.3820638553903528 3042302.6057352442000000
140.1812189092690100 0.7117923388477261 7179851.0836754171000000 1.3823971605313377 3044035.8672864735000000
140.3812189092689900 0.7117831103412255 7180456.4192220829000000 1.3827069835405073 3045799.8732512593000000
140.5812189092690100 0.7117805957117631 7181053.0112610226000000 1.3830032803821757 3047581.8084326745000000
140.7812189092690000 0.7117786731990019 7181648.7074701870000000 1.3833298902259865 3049325.5877039814000000
140.9812189092689900 0.7117785225336110 7182242.0030086171000000 1.3836398228786717 3051091.3278782666000000
141.1812189092690100 0.7117827620407486 7182829.5623871703000000 1.3839542381743140 3052851.9713954777000000
141.3812189092689900 0.7117669255118199 7183442.5951697193000000 1.3842551269805359 3054630.4951595012000000
141.5812189092690100 0.7117656686647310 7184036.8862414043000000 1.3845783900573114 3056381.1195203084000000
141.7812189092690000 0.7117660982055850 7184628.8946180819000000 1.3848758633040086 3058165.2230055030000000
141.9812189092689900 0.7117654183497729 7185222.1813412393000000 1.3851852107816280 3059934.8219473297000000
142.1812189092690100 0.7117582515947396 7185823.5756025221000000 1.3855045184959085 3061692.3874279694000000
142.3812189092689900 0.7117502996306933 7186425.8175053671000000 1.3857967511450227 3063484.9700130345000000
142.5812189092690100 0.7117484948737063 7187020.1110878885000000 1.3860989299175117 3065265.5212928713000000
142.7812189092690000 0.7117469152025465 7187613.9819496134000000 1.3864152555913110 3067028.7501790626000000
142.9812189092689900 0.7117396026271616 7188214.9751010584000000 1.3867106907284494 3068819.0692569385000000
143.1812189092690100 0.7117255306908467 7188824.3702677283000000 1.3869964380557804 3070622.2365927976000000
143.3812189092689900 0.7117225251715388 7189419.6125030573000000 1.3873105676242319 3072390.0978167113000000
143.5812189092690100 0.7117149371371426 7190020.5020954721000000 1.3876117624029987 3074174.9278181880000000
143.7812189092690000 0.7117115416129399 7190615.9511408815000000 1.3879060030305681 3075969.1372799017000000
143.9812189092689900 0.7116991930743832 7191222.5467340061000000 1.3882049762021296 3077757.9692076398000000
144.1812189092690100 0.7116960396898833 7191817.3988929242000000 1.3885070141974691 3079543.5399288218000000
144.3812189092689900 0.7116832558491256 7192424.2310486473000000 1.3888044698920663 3081335.4838820775000000
144.5812189092690100 0.7116806027275436 7193018.1625499371000000 1.3891040432037958 3083125.3610650222000000
144.7812189092690000 0.7116655001891454 7193627.5956127662000000 1.3893906804449940 3084932.0913341446000000
144.9812189092689900 0.7116510257448973 7194236.0734697226000000 1.3896714563451149 3086746.7513918262000000
145.1812189092690100 0.7116433206264781 7194835.8960498618000000 1.3899670377236590 3088543.4022681559000000
145.3812189092689900 0.7116287184847397 7195444.2105176011000000 1.3902640567791227 3090338.8434942625000000
145.5812189092690100 0.7116156036125191 7196050.4972522845000000 1.3905451869488386 3092154.7721303031000000
145.7812189092690000 0.7116043566325820 7196654.2850325899000000 1.3908244726376231 3093973.5680523654000000
145.9812189092689900 0.7116006125161013 7197248.5375626571000000 1.3911306699258503 3095759.2865674356000000
146.1812189092690100 0.7115878092388420 7197853.9601464029000000 1.3914052480899592 3097585.1022059033000000
146.3812189092689900 0.7115683384095657 7198467.5392068978000000 1.3916905036194569 3099398.1426306833000000
146.5812189092690100 0.7115566669921941 7199071.2199995928000000 1.3919936932433117 3101189.3976452355000000
146.7812189092690000 0.7115472660858362 7199671.9137979224000000 1.3922671006335054 3103018.3513036715000000
146.9812189092689900 0.7115300607818202 7200282.1640999541000000 1.3925525227171560 3104832.8982851021000000
147.1812189092690100 0.7115126969738906 7200892.4399278238000000 1.3928267938287064 3106661.8773345170000000
147.3812189092689900 0.7114987671623458 7201498.2785568442000000 1.3931032099331411 3108488.7369654500000000
147.5812189092690100 0.7114783158679775 7202112.0459084455000000 1.3933813409920979 3110314.0178974490000000
147.7812189092690000 0.7114713897596297 7202708.8648538096000000 1.3936586267912205 3112140.9001406198000000
147.9812189092689900 0.7114512683711668 7203321.8809894659000000 1.3939302222533549 3113975.3829196058000000
148.1812189092690100 0.7114309877723501 7203934.9161912967000000 1.3942024961272574 3115809.5649170969000000
148.3812189092689900 0.7114093457979021 7204549.4565115701000000 1.3944697429222448 3117650.5037144162000000
148.5812189092690100 0.7113967166186547 7205152.6802275199000000 1.3947609247518020 3119462.4002087144000000
148.7812189092690000 0.7113785501893585 7205762.5775390416000000 1.3950188423042016 3121315.9398231362000000
148.9812189092689900 0.7113552699307941 7206378.6079813559000000 1.3952847704489777 3123160.1087448341000000
149.1812189092690100 0.7113378297701709 7206987.2572813723000000 1.3955685017384134 3124982.8669915451000000
149.3812189092689900 0.7113191105511615 7207597.3090647403000000 1.3958348674231382 3126827.5694429735000000
149.5812189092690100 0.7112953330310892 7208213.4075747486000000 1.3960941666956523 3128681.4908269271000000
149.7812189092690000 0.7112823501753608 7208816.0543888072000000 1.3963802955614091 3130502.9529665923000000
149.9812189092689900 0.7112599612346909 7209430.0876191072000000 1.3966244262583503 3132376.5512143350000000
150.1812189092680100 0.7112376970224037 7210043.7847594665000000 1.3969003792846670 3134211.5911881067000000
150.3812189092680000 0.7112173160808238 7210654.9909302732000000 1.3971645871700893 3136061.5742943948000000
150.5812189092679900 0.7111922882291627 7211271.7085779402000000 1.3974305705928254 3137909.9056339432000000
150.7812189092680100 0.7111741491932607 7211879.8094750112000000 1.3976726455505328 3139788.0130472030000000
150.9812189092679900 0.7111454121043574 7212500.6906756442000000 1.3979441903116887 3141630.5729600210000000
151.1812189092680100 0.7111190904009758 7213118.4250880936000000 1.3981817749399534 3143515.1437777248000000
151.3812189092680000 0.7110973524617381 7213730.3750002552000000 1.3984551313905145 3145356.5327849062000000
151.5812189092679900 0.7110669066281344 7214352.7582060900000000 1.3987141581982356 3147215.9321884941000000
151.7812189092680100 0.7110508145245107 7214957.4589271713000000 1.3989791842527859 3149068.5358997146000000
151.9812189092679900 0.7110191935593139 7215580.8860387700000000 1.3992186280011651 3150952.7925598379000000
152.1812189092680100 0.7110021309438798 7216186.4108485319000000 1.3994850928742510 3152804.6670072773000000
152.3812189092680000 0.7109689959386442 7216811.2859381689000000 1.3997191310042443 3154696.4546550484000000
152.5812189092679900 0.7109414251630060 7217429.2018936528000000 1.3999663271796825 3156572.7306405269000000
152.7812189092680100 0.7109143879142795 7218046.2763642613000000 1.4002144885701142 3158448.3211329989000000
152.9812189092679900 0.7108855234232082 7218665.3707419382000000 1.4004714323408289 3160313.7602105830000000
153.1812189092680100 0.7108566757391065 7219284.2472845335000000 1.4007196823906551 3162190.2267342145000000
153.3812189092680000 0.7108301174458936 7219900.1582069816000000 1.4009550233140482 3164082.7889487455000000
153.5812189092679900 0.7108005857938816 7220519.4685618933000000 1.4012055251195743 3165957.4950860427000000
153.7812189092680100 0.7107677108782008 7221142.6149790958000000 1.4014392078587337 3167852.9924329128000000
153.9812189092679900 0.7107386149845911 7221760.9982041158000000 1.4016818913575384 3169738.0913572833000000
154.1812189092680100 0.7107062641902038 7222383.1046224041000000 1.4019428961399156 3171601.5928575741000000
154.3812189092680000 0.7106816925258115 7222995.6426555552000000 1.4021722715283611 3173503.6792006902000000
154.5812189092679900 0.7106485215143368 7223618.3334814366000000 1.4024051850461288 3175401.9562133616000000
154.7812189092680100 0.7106154048984171 7224240.7518957052000000 1.4026377264009116 3177301.1334667536000000
154.9812189092679900 0.7105882454049710 7224855.8128638119000000 1.4028879603127320 3179179.5261402233000000
155.1812189092680100 0.7105483337574436 7225485.9726995667000000 1.4031174868078236 3181083.2428650772000000
155.3812189092680000 0.7105162459833228 7226106.5366154285000000 1.4033443335455122 3182990.6158767091000000
155.5812189092679900 0.7104850101210294 7226725.8760416489000000 1.4035894745371180 3184876.5298169665000000
155.7812189092680100 0.7104437057805043 7227357.0537910480000000 1.4037955573529648 3186809.6344544021000000
155.9812189092679900 0.7104181715969771 7227969.1638677754000000 1.4040463127665501 3188689.7569050193000000
156.1812189092680100 0.7103757880629349 7228601.1971752681000000 1.4042649162515468 3190608.7522678552000000
156.3812189092680000 0.7103391418881107 7229226.1605149806000000 1.4044985216976578 3192510.2772774529000000
156.5812189092679900 0.7103124191212312 7229839.0849896483000000 1.4047313349001955 3194413.2006847207000000
156.7812189092680100 0.7102713231093718 7230468.9268329144000000 1.4049435027336714 3196341.1536476836000000
156.9812189092679900 0.7102322006037480 7231096.1968992408000000 1.4051823128314829 3198237.8273229413000000
157.1812189092680100 0.7101990126827715 7231716.1950021591000000 1.4053983027701766 3200162.0824477682000000
157.3812189092680000 0.7101566585686006 7232346.8673422728000000 1.4056178069057277 3202082.5813284116000000
157.5812189092679900 0.7101234827022680 7232966.4265442872000000 1.4058342821746801 3204007.0958255297000000
157.7812189092680100 0.7100748798013435 7233604.0585111724000000 1.4060537329897362 3205928.5010883119000000
157.9812189092679900 0.7100277541629733 7234239.7004486695000000 1.4062845566175608 3207836.8659336511000000
158.1812189092680100 0.7100122097220127 7234837.7522468213000000 1.4065079683044315 3209754.4452361455000000
158.3812189092680000 0.7099574001270405 7235482.0326148188000000 1.4066975619830626 3211712.4168534027000000
158.5812189092679900 0.7099128430744685 7236113.9546088912000000 1.4069119059345603 3213641.5272629363000000
158.7812189092680100 0.7098823561894440 7236729.0493977033000000 1.4071422407881069 3215552.1892073872000000
158.9812189092679900 0.7098396218337073 7237358.3744065259000000 1.4073468357760615 3217493.6282789037000000
159.1812189092680100 0.7097961145192836 7237988.3810052704000000 1.4075451754935602 3219442.8215594376000000
159.3812189092680000 0.7097608224350944 7238608.4952958338000000 1.4077691024372281 3221362.2972683059000000
159.5812189092679900 0.7097149785322482 7239240.7963377675000000 1.4079754841115268 3223302.8220569920000000
159.7812189092680100 0.7096598069456485 7239883.8122458635000000 1.4081624092724130 3225266.5816879547000000
159.9812189092679900 0.7096232172381197 7240504.7788690552000000 1.4083817121428746 3227192.7188550839000000
160.1812189092680100 0.7095727689791646 7241141.7691553812000000 1.4085819298467361 3229141.6413140828000000
160.3812189092680000 0.7095276382637655 7241772.2891179863000000 1.4087788066901359 3231094.8551968755000000
160.5812189092679900 0.7094875879751080 7242396.6336073624000000 1.4089865276983315 3233035.7595403669000000
160.7812189092680100 0.7094373115900350 7243032.7040839046000000 1.4091941516257129 3234977.1742580831000000
160.9812189092679900 0.7093952720409389 7243658.9143244158000000 1.4093850697095958 3236938.4870271813000000
161.1812189092680100 0.7093410294555433 7244299.1292337757000000 1.4095976604269447 3238874.8842895487000000
161.3812189092680000 0.7092977292843785 7244926.3409067774000000 1.4097721407930444 3240856.0929082735000000
161.5812189092679900 0.7092587174999538 7245548.3309755335000000 1.4099823605104751 3242796.0233018622000000
161.7812189092680100 0.7092022838907476 7246190.3611865817000000 1.4101702801678362 3244762.2895632628000000
161.9812189092679900 0.7091473025186256 7246830.4454504289000000 1.4103597682337230 3246727.0868036430000000
162.1812189092680100 0.7090962697477872 7247465.6909246687000000 1.4105442790356517 3248698.0179737248000000
162.3812189092680000 0.7090530223976123 7248091.6613114970000000 1.4107262397468712 3250672.2519796849000000
162.5812189092679900 0.7089990677694171 7248729.8067588247000000 1.4109389344921421 3252611.2195046158000000
162.7812189092680100 0.7089447890472013 7249368.0740403878000000 1.4111075718820820 3254601.5882264748000000
162.9812189092679900 0.7088931764135684 7250003.0044170339000000 1.4112913202663016 3256574.7942054747000000
163.1812189092680100 0.7088435507322430 7250635.3912377451000000 1.4114742085360106 3258549.3376862090000000
163.3812189092680000 0.7087965471808938 7251264.5079664392000000 1.4116691610237155 3260510.2993684085000000
163.5812189092679900 0.7087374532751860 7251907.3272601822000000 1.4118492174278434 3262488.8052266734000000
163.7812189092680100 0.7086861937614650 7252540.8571828706000000 1.4120160175338534 3264482.9171373062000000
163.9812189092679900 0.7086391329905765 7253169.3076129565000000 1.4122125757809563 3266443.0887998883000000
164.1812189092680100 0.7085820612183525 7253809.0298301252000000 1.4123882837551551 3268427.6046544546000000
164.3812189092680000 0.7085272287262067 7254445.9196833102000000 1.4125600711047555 3270416.9498738539000000
164.5812189092679900 0.7084617291233492 7255094.7950704815000000 1.4127245407159803 3272415.0097895865000000
164.7812189092680100 0.7084102668322238 7255727.2987895096000000 1.4128932756286985 3274408.4810316069000000
164.9812189092679900 0.7083537727236274 7256365.3176693469000000 1.4130705210176140 3276392.5155122634000000
165.1812189092680100 0.7082869410992653 7257014.9060381167000000 1.4132490019000521 3278375.4655696144000000
165.3812189092680000 0.7082411634182847 7257640.1451696139000000 1.4134350729941980 3280350.0709710773000000
165.5812189092679900 0.7081884159696001 7258273.1085222010000000 1.4135901370423842 3282360.4360356713000000
165.7812189092680100 0.7081180767710021 7258925.8920229515000000 1.4137579967064147 3284356.4825447490000000
165.9812189092679900 0.7080619982536800 7259562.1312018968000000 1.4139250135793162 3286353.7981871748000000
166.1812189092680100 0.7080076243788408 7260196.1710671354000000 1.4140936893028080 3288349.5314560803000000
166.3812189092680000 0.7079410935056680 7260843.7866455587000000 1.4142449657517038 3290365.3688850626000000
166.5812189092679900 0.7078796720761358 7261485.3139732461000000 1.4144090947040622 3292366.8709746953000000
166.7812189092680100 0.7078213500257280 7262123.0521907434000000 1.4145647903020864 3294378.2486974541000000
166.9812189092679900 0.7077599207655998 7262764.0518239811000000 1.4147326819270334 3296376.0736980229000000
167.1812189092680100 0.7076964284771036 7263407.1193050742000000 1.4148910494027112 3298385.0001088595000000
167.3812189092680000 0.7076397569151628 7264042.1902742647000000 1.4150344327492661 3300411.1778393188000000
167.5812189092679900 0.7075731551174829 7264688.2330101011000000 1.4151875286038056 3302426.6248478228000000
167.7812189092670100 0.7075112133549428 7265328.7287956402000000 1.4153515526394604 3304429.9995552972000000
167.9812189092670000 0.7074495513871764 7265968.6375270821000000 1.4154930864837911 3306459.0614902619000000
168.1812189092669900 0.7073806788315750 7266616.4071958568000000 1.4156506016841288 3308470.3510829466000000
168.3812189092670100 0.7073183579701821 7267256.5090755941000000 1.4157819108976739 3310511.4503009249000000
168.5812189092669900 0.7072404726633794 7267913.8569909446000000 1.4159242767986460 3312540.3326107571000000
168.7812189092670100 0.7071814885863004 7268549.6455906359000000 1.4160713932844831 3314564.1252099248000000
168.9812189092670000 0.7071125580906335 7269196.3424331825000000 1.4162335919859632 3316571.2380240364000000
169.1812189092669900 0.7070469057875360 7269839.0737392204000000 1.4163806802093273 3318595.6036633453000000
169.3812189092670100 0.7069767472337560 7270486.5776060866000000 1.4165093400243449 3320640.8919873154000000
169.5812189092669900 0.7069093475521228 7271130.7020702865000000 1.4166588683530674 3322663.0288495235000000
169.7812189092670100 0.7068417589434629 7271774.7545717722000000 1.4167848938251277 3324711.7310166899000000
169.9812189092670000 0.7067701067217453 7272423.0656584417000000 1.4169287244127393 3326740.7461220720000000
