1772823.42771659	8161276.04981602	4517318.17041549	-5424.17606434297	-598.255774589159	3412.44096315145
1771738.57599720	8161156.32265742	4518000.61653728	-5424.34111254724	-599.015808734084	3412.02024455810
1770653.69127838	8161036.44349358	4518682.97850925	-5424.50605871448	-599.775827087176	3411.59946498019
1769568.77358052	8160916.41232764	4519365.25631921	-5424.67090284299	-600.535829635026	3411.17862442599
1768483.82292404	8160796.22916278	4520047.44995496	-5424.83564493106	-601.295816364224	3410.75772290378
1767398.83932935	8160675.89400215	4520729.55940431	-5425.00028497698	-602.055787261361	3410.33676042183
1766313.82281685	8160555.40684893	4521411.58465506	-5425.16482297905	-602.815742313029	3409.91573698842
1765228.77340696	8160434.76770628	4522093.52569504	-5425.32925893556	-603.575681505819	3409.49465261183
1764143.69112008	8160313.97657738	4522775.38251204	-5425.49359284484	-604.335604826324	3409.07350730034
1763058.57597663	8160193.03346541	4523457.15509390	-5425.65782470516	-605.095512261139	3408.65230106222
1761973.42799700	8160071.93837354	4524138.84342841	-5425.82195451484	-605.855403796856	3408.23103390577
1760888.24720162	8159950.69130495	4524820.44750340	-5425.98598227218	-606.615279420070	3407.80970583925
1759803.03361090	8159829.29226283	4525501.96730668	-5426.14990797550	-607.375139117377	3407.38831687096
1758717.78724524	8159707.74125037	4526183.40282609	-5426.31373162310	-608.134982875372	3406.96686700917
1757632.50812505	8159586.03827075	4526864.75404943	-5426.47745321328	-608.894810680651	3406.54535626217
1756547.19627076	8159464.18332716	4527546.02096453	-5426.64107274438	-609.654622519811	3406.12378463824
1755461.85170276	8159342.17642281	4528227.20355923	-5426.80459021469	-610.414418379449	3405.70215214567
1754376.47444147	8159220.01756088	4528908.30182133	-5426.96800562254	-611.174198246165	3405.28045879274
1753291.06450731	8159097.70674457	4529589.31573869	-5427.13131896624	-611.933962106556	3404.85870458774
1752205.62192069	8158975.24397710	4530270.24529911	-5427.29453024412	-612.693709947222	3404.43688953897
1751120.14670202	8158852.62926166	4530951.09049045	-5427.45763945450	-613.453441754762	3404.01501365470
1750034.63887172	8158729.86260147	4531631.85130052	-5427.62064659569	-614.213157515778	3403.59307694322
1748949.09845019	8158606.94399973	4532312.52771717	-5427.78355166603	-614.972857216870	3403.17107941284
1747863.52545785	8158483.87345965	4532993.11972823	-5427.94635466383	-615.732540844640	3402.74902107183
1746777.91991513	8158360.65098446	4533673.62732154	-5428.10905558744	-616.492208385691	3402.32690192849
1745692.28184242	8158237.27657737	4534354.05048495	-5428.27165443518	-617.251859826625	3401.90472199111
1744606.61126016	8158113.75024161	4535034.38920629	-5428.43415120537	-618.011495154046	3401.48248126798
1743520.90818875	8157990.07198039	4535714.64347340	-5428.59654589637	-618.771114354557	3401.06017976741
1742435.17264861	8157866.24179694	4536394.81327414	-5428.75883850649	-619.530717414765	3400.63781749768
1741349.40466015	8157742.25969450	4537074.89859635	-5428.92102903408	-620.290304321273	3400.21539446708
1740263.60424380	8157618.12567629	4537754.89942788	-5429.08311747748	-621.049875060688	3399.79291068393
1739177.77141997	8157493.83974555	4538434.81575658	-5429.24510383503	-621.809429619617	3399.37036615650
1738091.90620907	8157369.40190552	4539114.64757029	-5429.40698810506	-622.568967984668	3398.94776089311
1737006.00863153	8157244.81215944	4539794.39485689	-5429.56877028593	-623.328490142451	3398.52509490204
1735920.07870775	8157120.07051054	4540474.05760421	-5429.73045037598	-624.087996079573	3398.10236819160
1734834.11645817	8156995.17696209	4541153.63580012	-5429.89202837356	-624.847485782643	3397.67958077010
1733748.12190320	8156870.13151731	4541833.12943248	-5430.05350427701	-625.606959238270	3397.25673264582
1732662.09506325	8156744.93417947	4542512.53848914	-5430.21487808469	-626.366416433063	3396.83382382707
1731576.03595876	8156619.58495182	4543191.86295797	-5430.37614979495	-627.125857353634	3396.41085432216
1730489.94461013	8156494.08383762	4543871.10282684	-5430.53731940615	-627.885281986593	3395.98782413938
1729403.82103778	8156368.43084011	4544550.25808360	-5430.69838691663	-628.644690318552	3395.56473328706
1728317.66526215	8156242.62596257	4545229.32871612	-5430.85935232476	-629.404082336123	3395.14158177348
1727231.47730364	8156116.66920826	4545908.31471227	-5431.02021562891	-630.163458025919	3394.71836960695
1726145.25718269	8155990.56058045	4546587.21605993	-5431.18097682742	-630.922817374553	3394.29509679579
1725059.00491970	8155864.30008240	4547266.03274696	-5431.34163591866	-631.682160368639	3393.87176334830
1723972.72053511	8155737.88771739	4547944.76476124	-5431.50219290100	-632.441486994792	3393.44836927278
1722886.40404933	8155611.32348870	4548623.41209064	-5431.66264777280	-633.200797239628	3393.02491457756
1721800.05548279	8155484.60739959	4549301.97472304	-5431.82300053243	-633.960091089762	3392.60139927093
1720713.67485591	8155357.73945335	4549980.45264632	-5431.98325117827	-634.719368531811	3392.17782336121
1719627.26218911	8155230.71965327	4550658.84584835	-5432.14339970868	-635.478629552391	3391.75418685671
1718540.81750282	8155103.54800263	4551337.15431703	-5432.30344612203	-636.237874138121	3391.33048976574
1717454.34081746	8154976.22450471	4552015.37804023	-5432.46339041671	-636.997102275619	3390.90673209662
1716367.83215345	8154848.74916281	4552693.51700583	-5432.62323259108	-637.756313951505	3390.48291385766
1715281.29153123	8154721.12198023	4553371.57120174	-5432.78297264353	-638.515509152396	3390.05903505718
1714194.71897120	8154593.34296025	4554049.54061583	-5432.94261057244	-639.274687864915	3389.63509570349
1713108.11449380	8154465.41210618	4554727.42523599	-5433.10214637619	-640.033850075682	3389.21109580490
1712021.47811945	8154337.32942132	4555405.22505012	-5433.26158005316	-640.792995771317	3388.78703536974
1710934.80986858	8154209.09490898	4556082.94004610	-5433.42091160173	-641.552124938444	3388.36291440632
1709848.10976162	8154080.70857245	4556760.57021184	-5433.58014102031	-642.311237563685	3387.93873292296
1708761.37781898	8153952.17041506	4557438.11553524	-5433.73926830726	-643.070333633663	3387.51449092798
1707674.61406111	8153823.48044010	4558115.57600418	-5433.89829346099	-643.829413135002	3387.09018842970
1706587.81850841	8153694.63865091	4558792.95160658	-5434.05721647989	-644.588476054327	3386.66582543644
1705500.99118133	8153565.64505079	4559470.24233032	-5434.21603736235	-645.347522378263	3386.24140195653
1704414.13210028	8153436.49964307	4560147.44816332	-5434.37475610677	-646.106552093435	3385.81691799828
1703327.24128570	8153307.20243106	4560824.56909349	-5434.53337271154	-646.865565186471	3385.39237357003
1702240.31875802	8153177.75341810	4561501.60510872	-5434.69188717507	-647.624561643996	3384.96776868008
1701153.36453765	8153048.15260752	4562178.55619692	-5434.85029949575	-648.383541452639	3384.54310333678
1700066.37864504	8152918.40000263	4562855.42234601	-5435.00860967198	-649.142504599028	3384.11837754844
1698979.36110060	8152788.49560679	4563532.20354391	-5435.16681770218	-649.901451069791	3383.69359132339
1697892.31192478	8152658.43942332	4564208.89977851	-5435.32492358475	-650.660380851559	3383.26874466997
1696805.23113799	8152528.23145556	4564885.51103774	-5435.48292731809	-651.419293930961	3382.84383759648
1695718.11876068	8152397.87170686	4565562.03730951	-5435.64082890062	-652.178190294628	3382.41887011128
1694630.97481326	8152267.36018056	4566238.47858175	-5435.79862833075	-652.937069929191	3381.99384222268
1693543.79931617	8152136.69688001	4566914.83484237	-5435.95632560689	-653.695932821283	3381.56875393902
1692456.59228984	8152005.88180855	4567591.10607929	-5436.11392072745	-654.454778957535	3381.14360526862
1691369.35375470	8151874.91496955	4568267.29228044	-5436.27141369085	-655.213608324581	3380.71839621983
1690282.08373119	8151743.79636634	4568943.39343374	-5436.42880449551	-655.972420909055	3380.29312680096
1689194.78223973	8151612.52600230	4569619.40952713	-5436.58609313985	-656.731216697591	3379.86779702037
1688107.44930076	8151481.10388079	4570295.34054852	-5436.74327962230	-657.489995676824	3379.44240688637
1687020.08493470	8151349.53000515	4570971.18648585	-5436.90036394126	-658.248757833390	3379.01695640731
1685932.68916200	8151217.80437878	4571646.94732705	-5437.05734609518	-659.007503153925	3378.59144559152
1684845.26200309	8151085.92700502	4572322.62306005	-5437.21422608248	-659.766231625065	3378.16587444734
1683757.80347839	8150953.89788725	4572998.21367280	-5437.37100390158	-660.524943233449	3377.74024298311
1682670.31360835	8150821.71702885	4573673.71915322	-5437.52767955091	-661.283637965714	3377.31455120716
1681582.79241339	8150689.38443319	4574349.13948925	-5437.68425302891	-662.042315808499	3376.88879912784
1680495.23991396	8150556.90010365	4575024.47466884	-5437.84072433402	-662.800976748444	3376.46298675348
1679407.65613048	8150424.26404362	4575699.72467993	-5437.99709346466	-663.559620772188	3376.03711409242
1678320.04108339	8150291.47625647	4576374.88951046	-5438.15336041928	-664.318247866372	3375.61118115301
1677232.39479313	8150158.53674560	4577049.96914837	-5438.30952519631	-665.076858017637	3375.18518794359
1676144.71728013	8150025.44551439	4577724.96358161	-5438.46558779419	-665.835451212625	3374.75913447250
1675057.00856483	8149892.20256625	4578399.87279814	-5438.62154821137	-666.594027437979	3374.33302074808
1673969.26866766	8149758.80790455	4579074.69678590	-5438.77740644629	-667.352586680340	3373.90684677869
1672881.49760906	8149625.26153271	4579749.43553283	-5438.93316249740	-668.111128926354	3373.48061257266
1671793.69540947	8149491.56345411	4580424.08902691	-5439.08881636314	-668.869654162663	3373.05431813834
1670705.86208932	8149357.71367218	4581098.65725608	-5439.24436804196	-669.628162375913	3372.62796348408
1669617.99766905	8149223.71219030	4581773.14020830	-5439.39981753232	-670.386653552748	3372.20154861823
1668530.10216911	8149089.55901189	4582447.53787152	-5439.55516483266	-671.145127679813	3371.77507354914
1667442.17560992	8148955.25414036	4583121.85023371	-5439.71040994145	-671.903584743754	3371.34853828515
1666354.21801193	8148820.79757913	4583796.07728283	-5439.86555285713	-672.662024731219	3370.92194283461
1665266.22939557	8148686.18933161	4584470.21900684	-5440.02059357816	-673.420447628854	3370.49528720589
1664178.20978129	8148551.42940121	4585144.27539371	-5440.17553210301	-674.178853423308	3370.06857140732
1663090.15918953	8148416.51779138	4585818.24643141	-5440.33036843014	-674.937242101228	3369.64179544727
1662002.07764072	8148281.45450551	4586492.13210789	-5440.48510255800	-675.695613649264	3369.21495933408
1660913.96515530	8148146.23954706	4587165.93241114	-5440.63973448507	-676.453968054066	3368.78806307612
1659825.82175372	8148010.87291943	4587839.64732913	-5440.79426420981	-677.212305302285	3368.36110668173
1658737.64745641	8147875.35462608	4588513.27684982	-5440.94869173068	-677.970625380571	3367.93409015927
1657649.44228382	8147739.68467042	4589186.82096119	-5441.10301704616	-678.728928275576	3367.50701351710
1656561.20625639	8147603.86305591	4589860.27965123	-5441.25724015472	-679.487213973952	3367.07987676357
1655472.93939456	8147467.88978598	4590533.65290790	-5441.41136105484	-680.245482462353	3366.65267990705
1654384.64171877	8147331.76486407	4591206.94071919	-5441.56537974498	-681.003733727431	3366.22542295589
1653296.31324946	8147195.48829364	4591880.14307308	-5441.71929622362	-681.761967755842	3365.79810591846
1652207.95400708	8147059.06007812	4592553.25995756	-5441.87311048925	-682.520184534239	3365.37072880311
1651119.56401207	8146922.48022097	4593226.29136061	-5442.02682254034	-683.278384049278	3364.94329161820
1650031.14328487	8146785.74872565	4593899.23727021	-5442.18043237538	-684.036566287616	3364.51579437210
1648942.69184593	8146648.86559561	4594572.09767436	-5442.33393999284	-684.794731235909	3364.08823707317
1647854.20971568	8146511.83083431	4595244.87256104	-5442.48734539122	-685.552878880815	3363.66061972978
1646765.69691458	8146374.64444522	4595917.56191825	-5442.64064856899	-686.311009208990	3363.23294235028
1645677.15346307	8146237.30643179	4596590.16573398	-5442.79384952466	-687.069122207095	3362.80520494305
1644588.57938159	8146099.81679749	4597262.68399623	-5442.94694825671	-687.827217861787	3362.37740751644
1643499.97469058	8145962.17554580	4597935.11669299	-5443.09994476363	-688.585296159727	3361.94955007883
1642411.33941050	8145824.38268019	4598607.46381226	-5443.25283904392	-689.343357087576	3361.52163263859
1641322.67356178	8145686.43820412	4599279.72534204	-5443.40563109607	-690.101400631994	3361.09365520408
1640233.97716488	8145548.34212109	4599951.90127034	-5443.55832091858	-690.859426779642	3360.66561778367
1639145.25024024	8145410.09443457	4600623.99158515	-5443.71090850994	-691.617435517185	3360.23752038573
1638056.49280830	8145271.69514805	4601295.99627449	-5443.86339386867	-692.375426831283	3359.80936301863
1636967.70488951	8145133.14426501	4601967.91532636	-5444.01577699326	-693.133400708601	3359.38114569075
1635878.88650433	8144994.44178893	4602639.74872877	-5444.16805788222	-693.891357135803	3358.95286841045
1634790.03767319	8144855.58772332	4603311.49646972	-5444.32023653405	-694.649296099554	3358.52453118611
1633701.15841654	8144716.58207166	4603983.15853724	-5444.47231294725	-695.407217586520	3358.09613402610
1632612.24875484	8144577.42483745	4604654.73491933	-5444.62428712035	-696.165121583365	3357.66767693880
1631523.30870852	8144438.11602419	4605326.22560401	-5444.77615905185	-696.923008076758	3357.23915993258
1630434.33829805	8144298.65563539	4605997.63057930	-5444.92792874027	-697.680877053365	3356.81058301582
1629345.33754386	8144159.04367454	4606668.94983322	-5445.07959618411	-698.438728499854	3356.38194619690
1628256.30646640	8144019.28014516	4607340.18335378	-5445.23116138190	-699.196562402895	3355.95324948419
1627167.24508613	8143879.36505075	4608011.33112901	-5445.38262433215	-699.954378749155	3355.52449288607
1626078.15342350	8143739.29839484	4608682.39314693	-5445.53398503338	-700.712177525305	3355.09567641092
1624989.03149895	8143599.08018092	4609353.36939557	-5445.68524348412	-701.469958718015	3354.66680006712
1623899.87933294	8143458.71041252	4610024.25986296	-5445.83639968288	-702.227722313957	3354.23786386305
1622810.69694591	8143318.18909317	4610695.06453712	-5445.98745362820	-702.985468299802	3353.80886780710
1621721.48435832	8143177.51622638	4611365.78340608	-5446.13840531859	-703.743196662222	3353.37981190764
1620632.24159061	8143036.69181568	4612036.41645788	-5446.28925475260	-704.500907387890	3352.95069617306
1619542.96866325	8142895.71586460	4612706.96368055	-5446.44000192874	-705.258600463481	3352.52152061174
1618453.66559667	8142754.58837667	4613377.42506213	-5446.59064684555	-706.016275875667	3352.09228523207
1617364.33241134	8142613.30935543	4614047.80059065	-5446.74118950157	-706.773933611124	3351.66299004243
1616274.96912770	8142471.87880441	4614718.09025415	-5446.89162989532	-707.531573656528	3351.23363505121
1615185.57576620	8142330.29672714	4615388.29404068	-5447.04196802535	-708.289195998554	3350.80422026679
1614096.15234731	8142188.56312719	4616058.41193827	-5447.19220389020	-709.046800623879	3350.37474569757
1613006.69889147	8142046.67800808	4616728.44393497	-5447.34233748840	-709.804387519181	3349.94521135193
1611917.21541914	8141904.64137336	4617398.39001882	-5447.49236881850	-710.561956671137	3349.51561723826
1610827.70195077	8141762.45322659	4618068.25017788	-5447.64229787903	-711.319508066426	3349.08596336495
1609738.15850681	8141620.11357132	4618738.02440018	-5447.79212466856	-712.077041691727	3348.65624974039
1608648.58510772	8141477.62241110	4619407.71267379	-5447.94184918562	-712.834557533721	3348.22647637298
1607558.98177395	8141334.97974949	4620077.31498675	-5448.09147142876	-713.592055579086	3347.79664327110
1606469.34852596	8141192.18559006	4620746.83132712	-5448.24099139654	-714.349535814505	3347.36675044315
1605379.68538420	8141049.23993635	4621416.26168295	-5448.39040908750	-715.106998226658	3346.93679789753
1604289.99236913	8140906.14279195	4622085.60604230	-5448.53972450020	-715.864442802228	3346.50678564262
1603200.26950121	8140762.89416042	4622754.86439323	-5448.68893763320	-716.621869527895	3346.07671368683
1602110.51680089	8140619.49404533	4623424.03672381	-5448.83804848505	-717.379278390343	3345.64658203855
1601020.73428862	8140475.94245025	4624093.12302208	-5448.98705705432	-718.136669376256	3345.21639070618
1599930.92198487	8140332.23937877	4624762.12327612	-5449.13596333956	-718.894042472317	3344.78613969811
1598841.07991009	8140188.38483446	4625431.03747399	-5449.28476733933	-719.651397665213	3344.35582902275
1597751.20808473	8140044.37882089	4626099.86560376	-5449.43346905221	-720.408734941627	3343.92545868850
1596661.30652927	8139900.22134167	4626768.60765350	-5449.58206847675	-721.166054288247	3343.49502870375
1595571.37526414	8139755.91240037	4627437.26361128	-5449.73056561153	-721.923355691758	3343.06453907691
1594481.41430982	8139611.45200059	4628105.83346517	-5449.87896045512	-722.680639138849	3342.63398981637
1593391.42368676	8139466.84014591	4628774.31720324	-5450.02725300608	-723.437904616207	3342.20338093055
1592301.40341542	8139322.07683994	4629442.71481358	-5450.17544326298	-724.195152110520	3341.77271242785
1591211.35351626	8139177.16208627	4630111.02628425	-5450.32353122442	-724.952381608479	3341.34198431666
1590121.27400974	8139032.09588850	4630779.25160334	-5450.47151688895	-725.709593096773	3340.91119660540
1589031.16491631	8138886.87825023	4631447.39075893	-5450.61940025516	-726.466786562093	3340.48034930247
1587941.02625644	8138741.50917507	4632115.44373910	-5450.76718132163	-727.223961991129	3340.04944241627
1586850.85805059	8138595.98866664	4632783.41053193	-5450.91486008694	-727.981119370573	3339.61847595522
1585760.66031922	8138450.31672853	4633451.29112551	-5451.06243654967	-728.738258687119	3339.18744992773
1584670.43308278	8138304.49336437	4634119.08550794	-5451.20991070841	-729.495379927459	3338.75636434219
1583580.17636175	8138158.51857776	4634786.79366729	-5451.35728256175	-730.252483078286	3338.32521920703
1582489.89017658	8138012.39237234	4635454.41559165	-5451.50455210827	-731.009568126295	3337.89401453064
1581399.57454772	8137866.11475172	4636121.95126913	-5451.65171934656	-731.766635058182	3337.46275032145
1580309.22949566	8137719.68571953	4636789.40068782	-5451.79878427522	-732.523683860641	3337.03142658787
1579218.85504083	8137573.10527939	4637456.76383580	-5451.94574689284	-733.280714520369	3336.60004333830
1578128.45120372	8137426.37343493	4638124.04070118	-5452.09260719801	-734.037727024062	3336.16860058117
1577038.01800478	8137279.49018979	4638791.23127207	-5452.23936518934	-734.794721358419	3335.73709832488
1575947.55546447	8137132.45554760	4639458.33553655	-5452.38602086542	-735.551697510138	3335.30553657785
1574857.06360326	8136985.26951200	4640125.35348273	-5452.53257422484	-736.308655465916	3334.87391534849
1573766.54244161	8136837.93208663	4640792.28509872	-5452.67902526622	-737.065595212454	3334.44223464523
1572675.99199998	8136690.44327513	4641459.13037262	-5452.82537398816	-737.822516736452	3334.01049447648
1571585.41229884	8136542.80308115	4642125.88929254	-5452.97162038926	-738.579420024610	3333.57869485066
1570494.80335865	8136395.01150834	4642792.56184659	-5453.11776446813	-739.336305063630	3333.14683577618
1569404.16519989	8136247.06856035	4643459.14802288	-5453.26380622338	-740.093171840213	3332.71491726147
1568313.49784300	8136098.97424083	4644125.64780953	-5453.40974565362	-740.850020341063	3332.28293931495
1567222.80130846	8135950.72855343	4644792.06119464	-5453.55558275747	-741.606850552882	3331.85090194504
1566132.07561673	8135802.33150183	4645458.38816634	-5453.70131753353	-742.363662462374	3331.41880516015
1565041.32078828	8135653.78308967	4646124.62871273	-5453.84694998042	-743.120456056244	3330.98664896872
1563950.53684357	8135505.08332063	4646790.78282195	-5453.99248009677	-743.877231321197	3330.55443337917
1562859.72380308	8135356.23219837	4647456.85048212	-5454.13790788118	-744.633988243939	3330.12215839991
1561768.88168726	8135207.22972656	4648122.83168135	-5454.28323333229	-745.390726811175	3329.68982403938
1560678.01051658	8135058.07590887	4648788.72640777	-5454.42845644871	-746.147447009614	3329.25743030601
1559587.11031152	8134908.77074898	4649454.53464950	-5454.57357722907	-746.904148825962	3328.82497720821
1558496.18109253	8134759.31425057	4650120.25639468	-5454.71859567200	-747.660832246929	3328.39246475441
1557405.22288008	8134609.70641731	4650785.89163144	-5454.86351177611	-748.417497259222	3327.95989295305
1556314.23569465	8134459.94725289	4651451.44034790	-5455.00832554006	-749.174143849552	3327.52726181255
1555223.21955670	8134310.03676100	4652116.90253220	-5455.15303696245	-749.930772004629	3327.09457134135
1554132.17448670	8134159.97494532	4652782.27817247	-5455.29764604193	-750.687381711163	3326.66182154786
1553041.10050512	8134009.76180954	4653447.56725686	-5455.44215277714	-751.443972955867	3326.22901244053
1551949.99763242	8133859.39735737	4654112.76977349	-5455.58655716670	-752.200545725451	3325.79614402778
1550858.86588909	8133708.88159249	4654777.88571051	-5455.73085920927	-752.957100006629	3325.36321631805
1549767.70529557	8133558.21451860	4655442.91505606	-5455.87505890346	-753.713635786115	3324.93022931978
1548676.51587236	8133407.39613941	4656107.85779828	-5456.01915624794	-754.470153050622	3324.49718304138
1547585.29763990	8133256.42645861	4656772.71392532	-5456.16315124134	-755.226651786865	3324.06407749131
1546494.05061869	8133105.30547993	4657437.48342532	-5456.30704388231	-755.983131981559	3323.63091267799
1545402.77482918	8132954.03320706	4658102.16628643	-5456.45083416950	-756.739593621420	3323.19768860987
1544311.47029185	8132802.60964372	4658766.76249681	-5456.59452210154	-757.496036693165	3322.76440529538
1543220.13702716	8132651.03479362	4659431.27204460	-5456.73810767710	-758.252461183510	3322.33106274295
1542128.77505560	8132499.30866048	4660095.69491796	-5456.88159089483	-759.008867079175	3321.89766096103
1541037.38439762	8132347.43124803	4660760.03110504	-5457.02497175337	-759.765254366876	3321.46419995805
1539945.96507371	8132195.40255998	4661424.28059400	-5457.16825025139	-760.521623033333	3321.03067974247
1538854.51710434	8132043.22260005	4662088.44337300	-5457.31142638754	-761.277973065263	3320.59710032271
1537763.04050997	8131890.89137199	4662752.51943019	-5457.45450016049	-762.034304449388	3320.16346170722
1536671.53531108	8131738.40887952	4663416.50875374	-5457.59747156888	-762.790617172426	3319.72976390444
1535580.00152815	8131585.77512636	4664080.41133182	-5457.74034061138	-763.546911221100	3319.29600692283
1534488.43918165	8131432.99011627	4664744.22715258	-5457.88310728667	-764.303186582131	3318.86219077081
1533396.84829204	8131280.05385298	4665407.95620419	-5458.02577159339	-765.059443242241	3318.42831545684
1532305.22887982	8131126.96634022	4666071.59847483	-5458.16833353023	-765.815681188153	3317.99438098936
1531213.58096544	8130973.72758175	4666735.15395265	-5458.31079309584	-766.571900406590	3317.56038737683
1530121.90456938	8130820.33758130	4667398.62262585	-5458.45315028891	-767.328100884277	3317.12633462768
1529030.19971213	8130666.79634264	4668062.00448258	-5458.59540510809	-768.084282607939	3316.69222275036
1527938.46641415	8130513.10386951	4668725.29951102	-5458.73755755208	-768.840445564301	3316.25805175333
1526846.70469592	8130359.26016566	4669388.50769935	-5458.87960761953	-769.596589740088	3315.82382164504
1525754.91457791	8130205.26523486	4670051.62903574	-5459.02155530914	-770.352715122029	3315.38953243393
1524663.09608060	8130051.11908087	4670714.66350839	-5459.16340061957	-771.108821696850	3314.95518412845
1523571.24922447	8129896.82170744	4671377.61110546	-5459.30514354952	-771.864909451280	3314.52077673707
1522479.37403000	8129742.37311834	4672040.47181515	-5459.44678409766	-772.620978372047	3314.08631026822
1521387.47051765	8129587.77331735	4672703.24562564	-5459.58832226268	-773.377028445880	3313.65178473037
1520295.53870791	8129433.02230822	4673365.93252511	-5459.72975804326	-774.133059659510	3313.21720013197
1519203.57862125	8129278.12009474	4674028.53250176	-5459.87109143810	-774.889071999666	3312.78255648148
1518111.59027815	8129123.06668068	4674691.04554378	-5460.01232244587	-775.645065453081	3312.34785378734
1517019.57369909	8128967.86206982	4675353.47163935	-5460.15345106528	-776.401040006487	3311.91309205802
1515927.52890455	8128812.50626594	4676015.81077667	-5460.29447729502	-777.156995646615	3311.47827130197
1514835.45591500	8128656.99927282	4676678.06294393	-5460.43540113378	-777.912932360199	3311.04339152766
1513743.35475092	8128501.34109426	4677340.22812935	-5460.57622258025	-778.668850133974	3310.60845274353
1512651.22543279	8128345.53173403	4678002.30632110	-5460.71694163314	-779.424748954672	3310.17345495806
1511559.06798110	8128189.57119594	4678664.29750739	-5460.85755829115	-780.180628809030	3309.73839817970
1510466.88241631	8128033.45948378	4679326.20167644	-5460.99807255297	-780.936489683784	3309.30328241691
1509374.66875891	8127877.19660134	4679988.01881643	-5461.13848441732	-781.692331565669	3308.86810767815
1508282.42702937	8127720.78255242	4680649.74891557	-5461.27879388289	-782.448154441423	3308.43287397189
1507190.15724819	8127564.21734083	4681311.39196208	-5461.41900094839	-783.203958297783	3307.99758130659
1506097.85943583	8127407.50097037	4681972.94794416	-5461.55910561253	-783.959743121489	3307.56222969072
1505005.53361278	8127250.63344485	4682634.41685002	-5461.69910787403	-784.715508899278	3307.12681913273
1503913.17979952	8127093.61476808	4683295.79866788	-5461.83900773159	-785.471255617891	3306.69134964110
1502820.79801652	8126936.44494388	4683957.09338594	-5461.97880518392	-786.226983264067	3306.25582122429
1501728.38828428	8126779.12397605	4684618.30099243	-5462.11850022975	-786.982691824549	3305.82023389077
1500635.95062327	8126621.65186842	4685279.42147557	-5462.25809286779	-787.738381286076	3305.38458764900
1499543.48505398	8126464.02862482	4685940.45482356	-5462.39758309676	-788.494051635393	3304.94888250746
1498450.99159688	8126306.25424905	4686601.40102463	-5462.53697091537	-789.249702859240	3304.51311847462
1497358.47027245	8126148.32874495	4687262.26006701	-5462.67625632235	-790.005334944363	3304.07729555894
1496265.92110119	8125990.25211635	4687923.03193892	-5462.81543931643	-790.760947877504	3303.64141376889
1495173.34410357	8125832.02436708	4688583.71662859	-5462.95451989633	-791.516541645410	3303.20547311296
1494080.73930007	8125673.64550097	4689244.31412424	-5463.09349806078	-792.272116234824	3302.76947359960
1492988.10671119	8125515.11552186	4689904.82441410	-5463.23237380851	-793.027671632494	3302.33341523730
1491895.44635739	8125356.43443360	4690565.24748640	-5463.37114713824	-793.783207825166	3301.89729803452
1490802.75825917	8125197.60224002	4691225.58332938	-5463.50981804871	-794.538724799588	3301.46112199975
1489710.04243701	8125038.61894496	4691885.83193127	-5463.64838653866	-795.294222542507	3301.02488714145
1488617.29891140	8124879.48455228	4692545.99328031	-5463.78685260682	-796.049701040672	3300.58859346811
1487524.52770281	8124720.19906583	4693206.06736473	-5463.92521625192	-796.805160280833	3300.15224098820
1486431.72883173	8124560.76248946	4693866.05417277	-5464.06347747272	-797.560600249738	3299.71582971019
1485338.90231866	8124401.17482702	4694525.95369269	-5464.20163626794	-798.316020934140	3299.27935964258
1484246.04818406	8124241.43608237	4695185.76591271	-5464.33969263633	-799.071422320790	3298.84283079383
1483153.16644844	8124081.54625937	4695845.49082108	-5464.47764657664	-799.826804396438	3298.40624317243
1482060.25713227	8123921.50536190	4696505.12840605	-5464.61549808761	-800.582167147837	3297.96959678685
1480967.32025604	8123761.31339380	4697164.67865587	-5464.75324716799	-801.337510561742	3297.53289164559
1479874.35584023	8123600.97035896	4697824.14155879	-5464.89089381652	-802.092834624905	3297.09612775711
1478781.36390534	8123440.47626124	4698483.51710306	-5465.02843803197	-802.848139324081	3296.65930512991
1477688.34447185	8123279.83110452	4699142.80527693	-5465.16587981309	-803.603424646025	3296.22242377247
1476595.29756024	8123119.03489268	4699802.00606865	-5465.30321915862	-804.358690577493	3295.78548369327
1475502.22319101	8122958.08762959	4700461.11946649	-5465.44045606733	-805.113937105240	3295.34848490080
1474409.12138464	8122796.98931913	4701120.14545871	-5465.57759053796	-805.869164216024	3294.91142740355
1473315.99216162	8122635.73996519	4701779.08403355	-5465.71462256930	-806.624371896601	3294.47431120999
1472222.83554243	8122474.33957167	4702437.93517928	-5465.85155216008	-807.379560133729	3294.03713632863
1471129.65154757	8122312.78814243	4703096.69888418	-5465.98837930909	-808.134728914166	3293.59990276795
1470036.44019752	8122151.08568140	4703755.37513649	-5466.12510401507	-808.889878224671	3293.16261053643
1468943.20151277	8121989.23219244	4704413.96392449	-5466.26172627680	-809.645008052003	3292.72525964257
1467849.93551382	8121827.22767947	4705072.46523645	-5466.39824609306	-810.400118382923	3292.28785009486
1466756.64222115	8121665.07214639	4705730.87906063	-5466.53466346260	-811.155209204192	3291.85038190180
1465663.32165525	8121502.76559709	4706389.20538531	-5466.67097838419	-811.910280502571	3291.41285507187
1464569.97383661	8121340.30803548	4707047.44419876	-5466.80719085662	-812.665332264823	3290.97526961356
1463476.59878572	8121177.69946548	4707705.59548926	-5466.94330087866	-813.420364477711	3290.53762553538
1462383.19652307	8121014.93989100	4708363.65924508	-5467.07930844908	-814.175377127997	3290.09992284581
1461289.76706915	8120852.02931593	4709021.63545450	-5467.21521356667	-814.930370202446	3289.66216155335
1460196.31044446	8120688.96774422	4709679.52410580	-5467.35101623019	-815.685343687823	3289.22434166650
1459102.82666947	8120525.75517976	4710337.32518727	-5467.48671643845	-816.440297570894	3288.78646319375
1458009.31576470	8120362.39162650	4710995.03868718	-5467.62231419021	-817.195231838424	3288.34852614361
1456915.77775062	8120198.87708834	4711652.66459383	-5467.75780948427	-817.950146477181	3287.91053052457
1455822.21264772	8120035.21156921	4712310.20289549	-5467.89320231941	-818.705041473931	3287.47247634512
1454728.62047651	8119871.39507306	4712967.65358047	-5468.02849269442	-819.459916815444	3287.03436361378
1453635.00125747	8119707.42760380	4713625.01663704	-5468.16368060809	-820.214772488486	3286.59619233904
1452541.35501109	8119543.30916537	4714282.29205351	-5468.29876605921	-820.969608479829	3286.15796252940
1451447.68175787	8119379.03976172	4714939.47981816	-5468.43374904658	-821.724424776242	3285.71967419336
1450353.98151830	8119214.61939678	4715596.57991929	-5468.56862956900	-822.479221364496	3285.28132733943
1449260.25431287	8119050.04807449	4716253.59234520	-5468.70340762525	-823.233998231365	3284.84292197611
1448166.50016207	8118885.32579880	4716910.51708418	-5468.83808321415	-823.988755363615	3284.40445811191
1447072.71908641	8118720.45257366	4717567.35412454	-5468.97265633448	-824.743492748022	3283.96593575532
1445978.91110637	8118555.42840302	4718224.10345458	-5469.10712698506	-825.498210371358	3283.52735491487
1444885.07624245	8118390.25329083	4718880.76506261	-5469.24149516469	-826.252908220399	3283.08871559904
1443791.21451515	8118224.92724105	4719537.33893692	-5469.37576087216	-827.007586281919	3282.65001781636
1442697.32594494	8118059.45025764	4720193.82506583	-5469.50992410630	-827.762244542692	3282.21126157533
1441603.41055234	8117893.82234456	4720850.22343765	-5469.64398486591	-828.516882989495	3281.77244688445
1440509.46835784	8117728.04350577	4721506.53404069	-5469.77794314980	-829.271501609105	3281.33357375224
1439415.49938192	8117562.11374524	4722162.75686325	-5469.91179895679	-830.026100388298	3280.89464218721
1438321.50364510	8117396.03306694	4722818.89189366	-5470.04555228568	-830.780679313853	3280.45565219787
1437227.48116785	8117229.80147484	4723474.93912023	-5470.17920313530	-831.535238372548	3280.01660379273
1436133.43197069	8117063.41897292	4724130.89853128	-5470.31275150446	-832.289777551162	3279.57749698030
1435039.35607410	8116896.88556515	4724786.77011512	-5470.44619739198	-833.044296836475	3279.13833176910
1433945.25349858	8116730.20125551	4725442.55386008	-5470.57954079668	-833.798796215268	3278.69910816764
1432851.12426462	8116563.36604799	4726098.24975449	-5470.71278171740	-834.553275674322	3278.25982618443
1431756.96839274	8116396.37994657	4726753.85778666	-5470.84592015294	-835.307735200418	3277.82048582800
1430662.78590341	8116229.24295524	4727409.37794492	-5470.97895610214	-836.062174780339	3277.38108710686
1429568.57681714	8116061.95507799	4728064.81021760	-5471.11188956383	-836.816594400869	3276.94163002952
1428474.34115443	8115894.51631882	4728720.15459303	-5471.24472053683	-837.570994048790	3276.50211460450
1427380.07893577	8115726.92668171	4729375.41105954	-5471.37744901998	-838.325373710887	3276.06254084033
1426285.79018167	8115559.18617067	4730030.57960547	-5471.51007501212	-839.079733373946	3275.62290874552
1425191.47491262	8115391.29478969	4730685.66021915	-5471.64259851206	-839.834073024751	3275.18321832858
1424097.13314911	8115223.25254279	4731340.65288891	-5471.77501951866	-840.588392650091	3274.74346959805
1423002.76491165	8115055.05943397	4731995.55760309	-5471.90733803075	-841.342692236750	3274.30366256245
1421908.37022074	8114886.71546724	4732650.37435004	-5472.03955404718	-842.096971771518	3273.86379723029
1420813.94909688	8114718.22064660	4733305.10311809	-5472.17166756677	-842.851231241182	3273.42387361010
1419719.50156056	8114549.57497608	4733959.74389559	-5472.30367858838	-843.605470632531	3272.98389171040
1418625.02763228	8114380.77845969	4734614.29667088	-5472.43558711086	-844.359689932356	3272.54385153972
1417530.52733256	8114211.83110145	4735268.76143232	-5472.56739313304	-845.113889127446	3272.10375310659
1416436.00068187	8114042.73290538	4735923.13816824	-5472.69909665378	-845.868068204592	3271.66359641952
1415341.44770073	8113873.48387551	4736577.42686700	-5472.83069767192	-846.622227150585	3271.22338148705
1414246.86840964	8113704.08401586	4737231.62751695	-5472.96219618633	-847.376365952219	3270.78310831770
1413152.26282909	8113534.53333047	4737885.74010644	-5473.09359219585	-848.130484596286	3270.34277692001
1412057.63097960	8113364.83182336	4738539.76462383	-5473.22488569934	-848.884583069580	3269.90238730250
1410962.97288165	8113194.97949859	4739193.70105748	-5473.35607669566	-849.638661358894	3269.46193947369
1409868.28855575	8113024.97636017	4739847.54939575	-5473.48716518366	-850.392719451024	3269.02143344213
1408773.57802240	8112854.82241215	4740501.30962698	-5473.61815116221	-851.146757332763	3268.58086921635
1407678.84130210	8112684.51765858	4741154.98173956	-5473.74903463016	-851.900774990907	3268.14024680487
1406584.07841537	8112514.06210350	4741808.56572183	-5473.87981558639	-852.654772412254	3267.69956621622
1405489.28938269	8112343.45575096	4742462.06156218	-5474.01049402975	-853.408749583598	3267.25882745896
1404394.47422457	8112172.69860502	4743115.46924895	-5474.14106995912	-854.162706491738	3266.81803054159
1403299.63296152	8112001.79066971	4743768.78877053	-5474.27154337337	-854.916643123473	3266.37717547268
1402204.76561404	8111830.73194912	4744422.02011527	-5474.40191427135	-855.670559465600	3265.93626226074
1401109.87220263	8111659.52244728	4745075.16327156	-5474.53218265196	-856.424455504919	3265.49529091432
1400014.95274780	8111488.16216826	4745728.21822777	-5474.66234851405	-857.178331228230	3265.05426144195
1398920.00727004	8111316.65111614	4746381.18497228	-5474.79241185651	-857.932186622335	3264.61317385217
1397825.03578987	8111144.98929497	4747034.06349345	-5474.92237267822	-858.686021674034	3264.17202815353
1396730.03832779	8110973.17670882	4747686.85377968	-5475.05223097805	-859.439836370129	3263.73082435456
1395635.01490430	8110801.21336178	4748339.55581933	-5475.18198675489	-860.193630697424	3263.28956246380
1394539.96553991	8110629.09925790	4748992.16960080	-5475.31164000761	-860.947404642722	3262.84824248979
1393444.89025512	8110456.83440128	4749644.69511246	-5475.44119073511	-861.701158192827	3262.40686444108
1392349.78907043	8110284.41879598	4750297.13234271	-5475.57063893626	-862.454891334543	3261.96542832621
1391254.66200636	8110111.85244610	4750949.48127993	-5475.69998460996	-863.208604054677	3261.52393415371
1390159.50908341	8109939.13535572	4751601.74191251	-5475.82922775509	-863.962296340034	3261.08238193215
1389064.33032209	8109766.26752893	4752253.91422884	-5475.95836837056	-864.715968177420	3260.64077167005
1387969.12574289	8109593.24896982	4752905.99821732	-5476.08740645524	-865.469619553644	3260.19910337598
1386873.89536634	8109420.07968247	4753557.99386633	-5476.21634200803	-866.223250455513	3259.75737705846
1385778.63921292	8109246.75967100	4754209.90116428	-5476.34517502784	-866.976860869836	3259.31559272606
1384683.35730316	8109073.28893949	4754861.72009955	-5476.47390551355	-867.730450783423	3258.87375038731
1383588.04965755	8108899.66749206	4755513.45066057	-5476.60253346408	-868.484020183083	3258.43185005077
1382492.71629661	8108725.89533279	4756165.09283571	-5476.73105887831	-869.237569055627	3257.98989172499
1381397.35724084	8108551.97246580	4756816.64661339	-5476.85948175516	-869.991097387867	3257.54787541852
1380301.97251074	8108377.89889521	4757468.11198201	-5476.98780209352	-870.744605166615	3257.10580113990
1379206.56212684	8108203.67462511	4758119.48892998	-5477.11601989231	-871.498092378682	3256.66366889769
1378111.12610963	8108029.29965963	4758770.77744571	-5477.24413515043	-872.251559010884	3256.22147870045
1377015.66447962	8107854.77400288	4759421.97751759	-5477.37214786679	-873.005005050033	3255.77923055672
1375920.17725732	8107680.09765898	4760073.08913406	-5477.50005804031	-873.758430482944	3255.33692447506
1374824.66446325	8107505.27063206	4760724.11228352	-5477.62786566990	-874.511835296433	3254.89456046402
1373729.12611790	8107330.29292624	4761375.04695438	-5477.75557075447	-875.265219477315	3254.45213853216
1372633.56224179	8107155.16454565	4762025.89313506	-5477.88317329294	-876.018583012408	3254.00965868803
1371537.97285543	8106979.88549442	4762676.65081399	-5478.01067328422	-876.771925888529	3253.56712094020
1370442.35797933	8106804.45577668	4763327.31997957	-5478.13807072725	-877.525248092495	3253.12452529722
1369346.71763399	8106628.87539656	4763977.90062024	-5478.26536562093	-878.278549611125	3252.68187176764
1368251.05183993	8106453.14435821	4764628.39272441	-5478.39255796420	-879.031830431239	3252.23916036004
1367155.36061766	8106277.26266577	4765278.79628052	-5478.51964775598	-879.785090539656	3251.79639108295
1366059.64398768	8106101.23032338	4765929.11127698	-5478.64663499520	-880.538329923198	3251.35356394496
1364963.90197051	8105925.04733519	4766579.33770223	-5478.77351968078	-881.291548568685	3250.91067895461
1363868.13458666	8105748.71370534	4767229.47554470	-5478.90030181166	-882.044746462939	3250.46773612048
1362772.34185664	8105572.22943799	4767879.52479281	-5479.02698138676	-882.797923592784	3250.02473545111
1361676.52380096	8105395.59453729	4768529.48543501	-5479.15355840502	-883.551079945041	3249.58167695508
1360580.68044013	8105218.80900740	4769179.35745973	-5479.28003286539	-884.304215506536	3249.13856064096
1359484.81179466	8105041.87285247	4769829.14085541	-5479.40640476678	-885.057330264093	3248.69538651730
1358388.91788507	8104864.78607668	4770478.83561048	-5479.53267410815	-885.810424204537	3248.25215459267
1357292.99873187	8104687.54868418	4771128.44171338	-5479.65884088843	-886.563497314693	3247.80886487564
1356197.05435556	8104510.16067915	4771777.95915257	-5479.78490510657	-887.316549581390	3247.36551737477
1355101.08477667	8104332.62206574	4772427.38791647	-5479.91086676152	-888.069580991453	3246.92211209864
1354005.09001571	8104154.93284814	4773076.72799355	-5480.03672585220	-888.822591531711	3246.47864905580
1352909.07009318	8103977.09303052	4773725.97937224	-5480.16248237758	-889.575581188993	3246.03512825484
1351813.02502960	8103799.10261706	4774375.14204100	-5480.28813633661	-890.328549950126	3245.59154970432
1350716.95484549	8103620.96161193	4775024.21598827	-5480.41368772822	-891.081497801943	3245.14791341281
1349620.85956135	8103442.67001933	4775673.20120251	-5480.53913655139	-891.834424731272	3244.70421938889
1348524.73919771	8103264.22784344	4776322.09767217	-5480.66448280505	-892.587330724946	3244.26046764112
1347428.59377507	8103085.63508844	4776970.90538572	-5480.78972648817	-893.340215769795	3243.81665817808
1346332.42331395	8102906.89175853	4777619.62433160	-5480.91486759971	-894.093079852654	3243.37279100834
1345236.22783487	8102727.99785789	4778268.25449827	-5481.03990613861	-894.845922960354	3242.92886614048
1344140.00735833	8102548.95339074	4778916.79587421	-5481.16484210386	-895.598745079729	3242.48488358307
1343043.76190485	8102369.75836126	4779565.24844787	-5481.28967549440	-896.351546197614	3242.04084334469
1341947.49149496	8102190.41277366	4780213.61220771	-5481.41440630920	-897.104326300841	3241.59674543391
1340851.19614916	8102010.91663214	4780861.88714220	-5481.53903454723	-897.857085376248	3241.15258985932
1339754.87588796	8101831.26994091	4781510.07323982	-5481.66356020746	-898.609823410669	3240.70837662949
1338658.53073190	8101651.47270418	4782158.17048902	-5481.78798328885	-899.362540390941	3240.26410575301
1337562.16070147	8101471.52492615	4782806.17887829	-5481.91230379038	-900.115236303901	3239.81977723844
1336465.76581720	8101291.42661106	4783454.09839608	-5482.03652171102	-900.867911136388	3239.37539109438
1335369.34609961	8101111.17776310	4784101.92903089	-5482.16063704974	-901.620564875239	3238.93094732940
1334272.90156920	8100930.77838651	4784749.67077119	-5482.28464980552	-902.373197507294	3238.48644595209
1333176.43224650	8100750.22848550	4785397.32360544	-5482.40855997734	-903.125809019393	3238.04188697103
1332079.93815203	8100569.52806431	4786044.88752215	-5482.53236756418	-903.878399398376	3237.59727039480
1330983.41930630	8100388.67712715	4786692.36250977	-5482.65607256501	-904.630968631084	3237.15259623199
1329886.87572983	8100207.67567826	4787339.74855681	-5482.77967497884	-905.383516704360	3236.70786449118
1328790.30744313	8100026.52372188	4787987.04565174	-5482.90317480462	-906.136043605046	3236.26307518096
1327693.71446673	8099845.22126223	4788634.25378305	-5483.02657204136	-906.888549319986	3235.81822830992
1326597.09682114	8099663.76830356	4789281.37293924	-5483.14986668805	-907.641033836022	3235.37332388664
1325500.45452688	8099482.16485011	4789928.40310878	-5483.27305874367	-908.393497140000	3234.92836191970
1324403.78760447	8099300.41090612	4790575.34428018	-5483.39614820721	-909.145939218765	3234.48334241771
1323307.09607443	8099118.50647584	4791222.19644192	-5483.51913507766	-909.898360059163	3234.03826538925
1322210.37995728	8098936.45156352	4791868.95958250	-5483.64201935403	-910.650759648037	3233.59313084290
1321113.63927353	8098754.24617340	4792515.63369042	-5483.76480103531	-911.403137972240	3233.14793878727
1320016.87404370	8098571.89030974	4793162.21875418	-5483.88748012050	-912.155495018619	3232.70268923094
1318920.08428832	8098389.38397681	4793808.71476228	-5484.01005660859	-912.907830774021	3232.25738218250
1317823.27002790	8098206.72717886	4794455.12170323	-5484.13253049859	-913.660145225296	3231.81201765055
1316726.43128296	8098023.91992014	4795101.43956551	-5484.25490178951	-914.412438359292	3231.36659564368
1315629.56807402	8097840.96220494	4795747.66833765	-5484.37717048034	-915.164710162862	3230.92111617048
1314532.68042161	8097657.85403750	4796393.80800815	-5484.49933657010	-915.916960622857	3230.47557923956
1313435.76834624	8097474.59542211	4797039.85856552	-5484.62140005779	-916.669189726127	3230.02998485950
1312338.83186843	8097291.18636304	4797685.81999826	-5484.74336094243	-917.421397459527	3229.58433303891
1311241.87100871	8097107.62686456	4798331.69229490	-5484.86521922302	-918.173583809908	3229.13862378638
1310144.88578759	8096923.91693094	4798977.47544394	-5484.98697489858	-918.925748764126	3228.69285711051
1309047.87622560	8096740.05656648	4799623.16943391	-5485.10862796813	-919.677892309034	3228.24703301990
1307950.84234325	8096556.04577545	4800268.77425332	-5485.23017843068	-920.430014431489	3227.80115152315
1306853.78416108	8096371.88456214	4800914.28989069	-5485.35162628525	-921.182115118346	3227.35521262885
1305756.70169959	8096187.57293084	4801559.71633454	-5485.47297153087	-921.934194356461	3226.90921634562
1304659.59497932	8096003.11088583	4802205.05357339	-5485.59421416655	-922.686252132693	3226.46316268205
1303562.46402078	8095818.49843142	4802850.30159578	-5485.71535419131	-923.438288433898	3226.01705164674
1302465.30884449	8095633.73557189	4803495.46039022	-5485.83639160419	-924.190303246936	3225.57088324831
1301368.12947099	8095448.82231155	4804140.52994525	-5485.95732640421	-924.942296558666	3225.12465749534
1300270.92592079	8095263.75865470	4804785.51024939	-5486.07815859040	-925.694268355948	3224.67837439645
1299173.69821441	8095078.54460565	4805430.40129117	-5486.19888816179	-926.446218625643	3224.23203396024
1298076.44637238	8094893.18016869	4806075.20305914	-5486.31951511742	-927.198147354612	3223.78563619533
1296979.17041522	8094707.66534814	4806719.91554182	-5486.44003945631	-927.950054529717	3223.33918111031
1295881.87036345	8094522.00014832	4807364.53872776	-5486.56046117750	-928.701940137820	3222.89266871379
1294784.54623760	8094336.18457353	4808009.07260548	-5486.68078028004	-929.453804165785	3222.44609901438
1293687.19805819	8094150.21862809	4808653.51716353	-5486.80099676296	-930.205646600477	3221.99947202070
1292589.82584575	8093964.10231633	4809297.87239046	-5486.92111062529	-930.957467428759	3221.55278774135
1291492.42962080	8093777.83564256	4809942.13827480	-5487.04112186609	-931.709266637497	3221.10604618494
1290395.00940386	8093591.41861112	4810586.31480511	-5487.16103048440	-932.461044213558	3220.65924736008
1289297.56521546	8093404.85122632	4811230.40196992	-5487.28083647926	-933.212800143807	3220.21239127539
1288200.09707612	8093218.13349251	4811874.39975780	-5487.40053984973	-933.964534415112	3219.76547793947
1287102.60500637	8093031.26541400	4812518.30815728	-5487.52014059485	-934.716247014342	3219.31850736095
1286005.08902673	8092844.24699514	4813162.12715692	-5487.63963871367	-935.467937928364	3218.87147954843
1284907.54915773	8092657.07824028	4813805.85674528	-5487.75903420524	-936.219607144049	3218.42439451054
1283809.98541989	8092469.75915374	4814449.49691090	-5487.87832706862	-936.971254648267	3217.97725225588
1282712.39783375	8092282.28973987	4815093.04764236	-5487.99751730287	-937.722880427887	3217.53005279308
1281614.78641982	8092094.67000301	4815736.50892821	-5488.11660490705	-938.474484469782	3217.08279613074
1280517.15119863	8091906.89994753	4816379.88075700	-5488.23558988021	-939.226066760824	3216.63548227750
1279419.49219070	8091718.97957776	4817023.16311731	-5488.35447222141	-939.977627287885	3216.18811124196
1278321.80941657	8091530.90889806	4817666.35599769	-5488.47325192972	-940.729166037838	3215.74068303274
1277224.10289676	8091342.68791279	4818309.45938671	-5488.59192900420	-941.480682997556	3215.29319765848
1276126.37265180	8091154.31662631	4818952.47327295	-5488.71050344393	-942.232178153914	3214.84565512778
1275028.61870222	8090965.79504298	4819595.39764496	-5488.82897524796	-942.983651493786	3214.39805544927
1273930.84106853	8090777.12316717	4820238.23249133	-5488.94734441536	-943.735103004049	3213.95039863158
1272833.03977128	8090588.30100324	4820880.97780062	-5489.06561094521	-944.486532671576	3213.50268468332
1271735.21483098	8090399.32855555	4821523.63356140	-5489.18377483659	-945.237940483247	3213.05491361313
1270637.36626817	8090210.20582850	4822166.19976226	-5489.30183608856	-945.989326425938	3212.60708542961
1269539.49410337	8090020.93282644	4822808.67639178	-5489.41979470020	-946.740690486527	3212.15920014141
1268441.59835711	8089831.50955376	4823451.06343852	-5489.53765067060	-947.492032651893	3211.71125775715
1267343.67904992	8089641.93601484	4824093.36089109	-5489.65540399882	-948.243352908916	3211.26325828545
1266245.73620234	8089452.21221405	4824735.56873804	-5489.77305468396	-948.994651244475	3210.81520173494
1265147.76983488	8089262.33815580	4825377.68696799	-5489.89060272509	-949.745927645453	3210.36708811426
1264049.77996807	8089072.31384446	4826019.71556950	-5490.00804812130	-950.497182098729	3209.91891743202
1262951.76662246	8088882.13928442	4826661.65453116	-5490.12539087168	-951.248414591187	3209.47068969686
1261853.72981855	8088691.81448008	4827303.50384158	-5490.24263097532	-951.999625109710	3209.02240491741
1260755.66957690	8088501.33943584	4827945.26348934	-5490.35976843130	-952.750813641180	3208.57406310230
1259657.58591801	8088310.71415609	4828586.93346303	-5490.47680323872	-953.501980172483	3208.12566426017
1258559.47886243	8088119.93864524	4829228.51375125	-5490.59373539667	-954.253124690503	3207.67720839964
1257461.34843069	8087929.01290768	4829870.00434259	-5490.71056490425	-955.004247182126	3207.22869552935
1256363.19464331	8087737.93694783	4830511.40522566	-5490.82729176055	-955.755347634238	3206.78012565794
1255265.01752082	8087546.71077010	4831152.71638906	-5490.94391596467	-956.506426033726	3206.33149879403
1254166.81708376	8087355.33437889	4831793.93782138	-5491.06043751571	-957.257482367478	3205.88281494627
1253068.59335266	8087163.80777863	4832435.06951124	-5491.17685641278	-958.008516622382	3205.43407412328
1251970.34634804	8086972.13097372	4833076.11144724	-5491.29317265497	-958.759528785327	3204.98527633372
1250872.07609044	8086780.30396859	4833717.06361798	-5491.40938624140	-959.510518843203	3204.53642158621
1249773.78260039	8086588.32676766	4834357.92601208	-5491.52549717117	-960.261486782901	3204.08750988939
1248675.46589842	8086396.19937535	4834998.69861814	-5491.64150544338	-961.012432591310	3203.63854125191
1247577.12600506	8086203.92179610	4835639.38142478	-5491.75741105716	-961.763356255324	3203.18951568240
1246478.76294084	8086011.49403433	4836279.97442061	-5491.87321401161	-962.514257761834	3202.74043318950
1245380.37672630	8085818.91609447	4836920.47759426	-5491.98891430584	-963.265137097734	3202.29129378186
1244281.96738197	8085626.18798097	4837560.89093433	-5492.10451193897	-964.015994249917	3201.84209746812
1243183.53492838	8085433.30969825	4838201.21442945	-5492.22000691012	-964.766829205278	3201.39284425691
1242085.07938606	8085240.28125077	4838841.44806823	-5492.33539921841	-965.517641950712	3200.94353415689
1240986.60077555	8085047.10264296	4839481.59183931	-5492.45068886296	-966.268432473115	3200.49416717670
1239888.09911737	8084853.77387927	4840121.64573131	-5492.56587584288	-967.019200759383	3200.04474332498
1238789.57443207	8084660.29496414	4840761.60973284	-5492.68096015731	-967.769946796413	3199.59526261037
1237691.02674017	8084466.66590203	4841401.48383255	-5492.79594180537	-968.520670571104	3199.14572504153
1236592.45606220	8084272.88669740	4842041.26801906	-5492.91082078619	-969.271372070354	3198.69613062711
1235493.86241871	8084078.95735469	4842680.96228101	-5493.02559709889	-970.022051281061	3198.24647937574
1234395.24583022	8083884.87787838	4843320.56660702	-5493.14027074261	-970.772708190127	3197.79677129608
1233296.60631727	8083690.64827291	4843960.08098573	-5493.25484171647	-971.523342784451	3197.34700639678
1232197.94390040	8083496.26854275	4844599.50540578	-5493.36931001963	-972.273955050934	3196.89718468649
1231099.25860013	8083301.73869238	4845238.83985581	-5493.48367565120	-973.024544976480	3196.44730617385
1230000.55043699	8083107.05872625	4845878.08432445	-5493.59793861033	-973.775112547990	3195.99737086753
1228901.81943154	8082912.22864885	4846517.23880036	-5493.71209889615	-974.525657752367	3195.54737877616
1227803.06560429	8082717.24846465	4847156.30327217	-5493.82615650781	-975.276180576516	3195.09732990841
1226704.28897580	8082522.11817812	4847795.27772853	-5493.94011144445	-976.026681007337	3194.64722427293
1225605.48956658	8082326.83779374	4848434.16215808	-5494.05396370522	-976.777159031744	3194.19706187837
1224506.66739717	8082131.40731600	4849072.95654949	-5494.16771328926	-977.527614636638	3193.74684273339
1223407.82248812	8081935.82674938	4849711.66089139	-5494.28136019571	-978.278047808926	3193.29656684664
1222308.95485995	8081740.09609837	4850350.27517244	-5494.39490442374	-979.028458535516	3192.84623422679
1221210.06453320	8081544.21536746	4850988.79938129	-5494.50834597248	-979.778846803315	3192.39584488247
1220111.15152841	8081348.18456115	4851627.23350660	-5494.62168484109	-980.529212599233	3191.94539882237
1219012.21586612	8081152.00368392	4852265.57753704	-5494.73492102873	-981.279555910179	3191.49489605513
1217913.25756685	8080955.67274028	4852903.83146124	-5494.84805453456	-982.029876723062	3191.04433658941
1216814.27665115	8080759.19173473	4853541.99526789	-5494.96108535772	-982.780175024794	3190.59372043387
1215715.27313956	8080562.56067178	4854180.06894564	-5495.07401349738	-983.530450802286	3190.14304759718
1214616.24705260	8080365.77955592	4854818.05248315	-5495.18683895271	-984.280704042450	3189.69231808799
1213517.19841082	8080168.84839166	4855455.94586910	-5495.29956172286	-985.030934732199	3189.24153191497
1212418.12723475	8079971.76718353	4856093.74909214	-5495.41218180699	-985.781142858446	3188.79068908678
1211319.03354493	8079774.53593602	4856731.46214096	-5495.52469920429	-986.531328408104	3188.33978961208
1210219.91736190	8079577.15465367	4857369.08500422	-5495.63711391390	-987.281491368087	3187.88883349955
1209120.77870620	8079379.62334098	4858006.61767059	-5495.74942593501	-988.031631725311	3187.43782075783
1208021.61759836	8079181.94200248	4858644.06012875	-5495.86163526679	-988.781749466690	3186.98675139561
1206922.43405892	8078984.11064270	4859281.41236738	-5495.97374190840	-989.531844579141	3186.53562542155
1205823.22810843	8078786.12926615	4859918.67437516	-5496.08574585902	-990.281917049581	3186.08444284432
1204723.99976741	8078587.99787738	4860555.84614076	-5496.19764711783	-991.031966864928	3185.63320367257
1203624.74905641	8078389.71648092	4861192.92765287	-5496.30944568401	-991.781994012099	3185.18190791499
1202525.47599596	8078191.28508129	4861829.91890016	-5496.42114155673	-992.531998478014	3184.73055558025
1201426.18060661	8077992.70368303	4862466.81987134	-5496.53273473518	-993.281980249593	3184.27914667700
1200326.86290890	8077793.97229070	4863103.63055507	-5496.64422521854	-994.031939313756	3183.82768121394
1199227.52292335	8077595.09090882	4863740.35094006	-5496.75561300600	-994.781875657423	3183.37615919971
1198128.16067052	8077396.05954195	4864376.98101499	-5496.86689809675	-995.531789267517	3182.92458064301
1197028.77617095	8077196.87819463	4865013.52076856	-5496.97808048996	-996.281680130960	3182.47294555250
1195929.36944516	8076997.54687141	4865649.97018945	-5497.08916018483	-997.031548234676	3182.02125393685
1194829.94051371	8076798.06557685	4866286.32926637	-5497.20013718056	-997.781393565587	3181.56950580474
1193730.48939712	8076598.43431550	4866922.59798802	-5497.31101147634	-998.531216110619	3181.11770116486
1192631.01611595	8076398.65309193	4867558.77634308	-5497.42178307135	-999.281015856696	3180.66584002586
1191531.52069073	8076198.72191068	4868194.86432027	-5497.53245196480	-1000.03079279074	3180.21392239643
1190432.00314201	8075998.64077633	4868830.86190828	-5497.64301815589	-1000.78054689969	3179.76194828525
1189332.46349031	8075798.40969344	4869466.76909582	-5497.75348164382	-1001.53027817046	3179.30991770099
1188232.90175619	8075598.02866659	4870102.58587160	-5497.86384242778	-1002.27998658999	3178.85783065234
1187133.31796018	8075397.49770033	4870738.31222432	-5497.97410050699	-1003.02967214520	3178.40568714797
1186033.71212283	8075196.81679925	4871373.94814270	-5498.08425588065	-1003.77933482301	3177.95348719657
1184934.08426468	8074995.98596793	4872009.49361544	-5498.19430854795	-1004.52897461037	3177.50123080681
1183834.43440626	8074795.00521094	4872644.94863126	-5498.30425850813	-1005.27859149421	3177.04891798738
1182734.76256813	8074593.87453286	4873280.31317887	-5498.41410576037	-1006.02818546144	3176.59654874695
1181635.06877081	8074392.59393828	4873915.58724699	-5498.52385030390	-1006.77775649901	3176.14412309422
1180535.35303486	8074191.16343179	4874550.77082434	-5498.63349213793	-1007.52730459385	3175.69164103787
1179435.61538081	8073989.58301798	4875185.86389964	-5498.74303126167	-1008.27682973289	3175.23910258658
1178335.85582921	8073787.85270143	4875820.86646162	-5498.85246767434	-1009.02633190306	3174.78650774903
1177236.07440060	8073585.97248675	4876455.77849898	-5498.96180137517	-1009.77581109131	3174.33385653392
1176136.27111552	8073383.94237853	4877090.60000047	-5499.07103236336	-1010.52526728456	3173.88114894992
1175036.44599451	8073181.76238137	4877725.33095480	-5499.18016063815	-1011.27470046975	3173.42838500574
1173936.59905812	8072979.43249988	4878359.97135070	-5499.28918619875	-1012.02411063382	3172.97556471004
1172836.73032689	8072776.95273866	4878994.52117692	-5499.39810904440	-1012.77349776371	3172.52268807154
1171736.83982136	8072574.32310232	4879628.98042217	-5499.50692917431	-1013.52286184635	3172.06975509890
1170636.92756208	8072371.54359546	4880263.34907519	-5499.61564658772	-1014.27220286869	3171.61676580083
1169536.99356959	8072168.61422271	4880897.62712473	-5499.72426128386	-1015.02152081766	3171.16372018602
1168437.03786443	8071965.53498867	4881531.81455951	-5499.83277326197	-1015.77081568020	3170.71061826315
1167337.06046715	8071762.30589798	4882165.91136827	-5499.94118252126	-1016.52008744326	3170.25746004092
1166237.06139828	8071558.92695524	4882799.91753976	-5500.04948906099	-1017.26933609377	3169.80424552802
1165137.04067839	8071355.39816508	4883433.83306272	-5500.15769288038	-1018.01856161869	3169.35097473315
1164036.99832799	8071151.71953214	4884067.65792589	-5500.26579397869	-1018.76776400494	3168.89764766500
1162936.93436766	8070947.89106103	4884701.39211803	-5500.37379235514	-1019.51694323948	3168.44426433227
1161836.84881791	8070743.91275639	4885335.03562787	-5500.48168800898	-1020.26609930925	3167.99082474364
1160736.74169931	8070539.78462285	4885968.58844417	-5500.58948093945	-1021.01523220119	3167.53732890783
1159636.61303240	8070335.50666505	4886602.05055568	-5500.69717114581	-1021.76434190226	3167.08377683352
1158536.46283771	8070131.07888764	4887235.42195115	-5500.80475862729	-1022.51342839939	3166.63016852942
1157436.29113581	8069926.50129524	4887868.70261933	-5500.91224338315	-1023.26249167954	3166.17650400422
1156336.09794722	8069721.77389251	4888501.89254899	-5501.01962541264	-1024.01153172965	3165.72278326663
1155235.88329250	8069516.89668410	4889134.99172889	-5501.12690471501	-1024.76054853667	3165.26900632533
1154135.64719219	8069311.86967465	4889768.00014777	-5501.23408128951	-1025.50954208755	3164.81517318904
1153035.38966684	8069106.69286882	4890400.91779441	-5501.34115513541	-1026.25851236924	3164.36128386646
1151935.11073699	8068901.36627126	4891033.74465757	-5501.44812625195	-1027.00745936869	3163.90733836628
1150834.81042319	8068695.88988662	4891666.48072601	-5501.55499463840	-1027.75638307286	3163.45333669722
1149734.48874598	8068490.26371958	4892299.12598850	-5501.66176029402	-1028.50528346869	3162.99927886797
1148634.14572592	8068284.48777479	4892931.68043381	-5501.76842321807	-1029.25416054313	3162.54516488724
1147533.78138354	8068078.56205692	4893564.14405072	-5501.87498340981	-1030.00301428314	3162.09099476374
1146433.39573940	8067872.48657063	4894196.51682798	-5501.98144086852	-1030.75184467567	3161.63676850617
1145332.98881404	8067666.26132060	4894828.79875438	-5502.08779559345	-1031.50065170768	3161.18248612324
1144232.56062801	8067459.88631151	4895460.98981869	-5502.19404758389	-1032.24943536611	3160.72814762365
1143132.11120186	8067253.36154802	4896093.09000969	-5502.30019683909	-1032.99819563794	3160.27375301613
1142031.64055613	8067046.68703481	4896725.09931615	-5502.40624335834	-1033.74693251010	3159.81930230936
1140931.14871136	8066839.86277657	4897357.01772687	-5502.51218714090	-1034.49564596956	3159.36479551207
1139830.63568812	8066632.88877799	4897988.84523062	-5502.61802818606	-1035.24433600329	3158.91023263297
1138730.10150694	8066425.76504374	4898620.58181619	-5502.72376649309	-1035.99300259822	3158.45561368076
1137629.54618837	8066218.49157851	4899252.22747236	-5502.82940206126	-1036.74164574134	3158.00093866415
1136528.96975296	8066011.06838700	4899883.78218792	-5502.93493488987	-1037.49026541958	3157.54620759187
1135428.37222126	8065803.49547391	4900515.24595166	-5503.04036497820	-1038.23886161992	3157.09142047262
1134327.75361382	8065595.77284392	4901146.61875237	-5503.14569232552	-1038.98743432932	3156.63657731512
1133227.11395118	8065387.90050174	4901777.90057885	-5503.25091693113	-1039.73598353474	3156.18167812808
1132126.45325390	8065179.87845208	4902409.09141989	-5503.35603879431	-1040.48450922314	3155.72672292021
1131025.77154251	8064971.70669962	4903040.19126428	-5503.46105791436	-1041.23301138148	3155.27171170024
1129925.06883759	8064763.38524909	4903671.20010083	-5503.56597429056	-1041.98148999673	3154.81664447688
1128824.34515965	8064554.91410520	4904302.11791834	-5503.67078792220	-1042.72994505586	3154.36152125885
1127723.60052927	8064346.29327264	4904932.94470560	-5503.77549880859	-1043.47837654582	3153.90634205486
1126622.83496698	8064137.52275615	4905563.68045143	-5503.88010694902	-1044.22678445359	3153.45110687363
1125522.04849334	8063928.60256043	4906194.32514462	-5503.98461234279	-1044.97516876613	3152.99581572389
1124421.24112889	8063719.53269022	4906824.87877398	-5504.08901498919	-1045.72352947041	3152.54046861436
1123320.41289419	8063510.31315022	4907455.34132833	-5504.19331488753	-1046.47186655339	3152.08506555374
1122219.56380979	8063300.94394517	4908085.71279647	-5504.29751203711	-1047.22018000205	3151.62960655078
1121118.69389623	8063091.42507980	4908715.99316722	-5504.40160643724	-1047.96846980336	3151.17409161418
1120017.80317407	8062881.75655883	4909346.18242939	-5504.50559808722	-1048.71673594428	3150.71852075268
1118916.89166385	8062671.93838700	4909976.28057180	-5504.60948698636	-1049.46497841179	3150.26289397499
1117815.95938612	8062461.97056904	4910606.28758325	-5504.71327313397	-1050.21319719286	3149.80721128985
