-1954525.58398557	9007989.81621405	1954525.58398557	-4409.68663652340	-1783.13554056533	4409.68663652340
-1955407.50268473	9007633.10326683	1955407.50268473	-4409.50034128398	-1783.99392476572	4409.50034128398
-1956289.38411658	9007276.21864686	1956289.38411658	-4409.31396348555	-1784.85226814880	4409.31396348555
-1957171.22826462	9006919.16236229	1957171.22826462	-4409.12750313292	-1785.71057069910	4409.12750313292
-1958053.03511233	9006561.93442130	1958053.03511233	-4408.94096023091	-1786.56883240117	4408.94096023091
-1958934.80464321	9006204.53483206	1958934.80464321	-4408.75433478432	-1787.42705323955	4408.75433478432
-1959816.53684074	9005846.96360273	1959816.53684074	-4408.56762679797	-1788.28523319877	4408.56762679797
-1960698.23168843	9005489.22074151	1960698.23168843	-4408.38083627666	-1789.14337226341	4408.38083627666
-1961579.88916975	9005131.30625656	1961579.88916975	-4408.19396322522	-1790.00147041799	4408.19396322522
-1962461.50926822	9004773.22015607	1962461.50926822	-4408.00700764847	-1790.85952764707	4408.00700764847
-1963343.09196731	9004414.96244822	1963343.09196731	-4407.81996955121	-1791.71754393519	4407.81996955121
-1964224.63725053	9004056.53314122	1964224.63725053	-4407.63284893828	-1792.57551926692	4407.63284893828
-1965106.14510139	9003697.93224325	1965106.14510139	-4407.44564581449	-1793.43345362680	4407.44564581449
-1965987.61550336	9003339.15976250	1965987.61550336	-4407.25836018465	-1794.29134699939	4407.25836018465
-1966869.04843996	9002980.21570718	1966869.04843996	-4407.07099205361	-1795.14919936925	4407.07099205361
-1967750.44389468	9002621.10008549	1967750.44389468	-4406.88354142618	-1796.00701072092	4406.88354142618
-1968631.80185103	9002261.81290563	1968631.80185103	-4406.69600830718	-1796.86478103897	4406.69600830718
-1969513.12229251	9001902.35417581	1969513.12229251	-4406.50839270145	-1797.72251030795	4406.50839270145
-1970394.40520261	9001542.72390425	1970394.40520261	-4406.32069461382	-1798.58019851244	4406.32069461382
-1971275.65056485	9001182.92209915	1971275.65056485	-4406.13291404911	-1799.43784563698	4406.13291404911
-1972156.85836273	9000822.94876873	1972156.85836273	-4405.94505101216	-1800.29545166614	4405.94505101216
-1973038.02857976	9000462.80392122	1973038.02857976	-4405.75710550779	-1801.15301658449	4405.75710550779
-1973919.16119944	9000102.48756484	1973919.16119944	-4405.56907754085	-1802.01054037659	4405.56907754085
-1974800.25620528	8999741.99970781	1974800.25620528	-4405.38096711617	-1802.86802302700	4405.38096711617
-1975681.31358079	8999381.34035837	1975681.31358079	-4405.19277423858	-1803.72546452030	4405.19277423858
-1976562.33330948	8999020.50952475	1976562.33330948	-4405.00449891293	-1804.58286484106	4405.00449891293
-1977443.31537486	8998659.50721518	1977443.31537486	-4404.81614114406	-1805.44022397384	4404.81614114406
-1978324.25976044	8998298.33343791	1978324.25976044	-4404.62770093680	-1806.29754190322	4404.62770093680
-1979205.16644974	8997936.98820117	1979205.16644974	-4404.43917829600	-1807.15481861376	4404.43917829600
-1980086.03542626	8997575.47151321	1980086.03542626	-4404.25057322650	-1808.01205409006	4404.25057322650
-1980966.86667353	8997213.78338228	1980966.86667353	-4404.06188573315	-1808.86924831666	4404.06188573315
-1981847.66017506	8996851.92381663	1981847.66017506	-4403.87311582079	-1809.72640127817	4403.87311582079
-1982728.41591437	8996489.89282452	1982728.41591437	-4403.68426349428	-1810.58351295915	4403.68426349428
-1983609.13387497	8996127.69041420	1983609.13387497	-4403.49532875845	-1811.44058334419	4403.49532875845
-1984489.81404038	8995765.31659394	1984489.81404038	-4403.30631161817	-1812.29761241786	4403.30631161817
-1985370.45639413	8995402.77137199	1985370.45639413	-4403.11721207827	-1813.15460016475	4403.11721207827
-1986251.06091973	8995040.05475662	1986251.06091973	-4402.92803014363	-1814.01154656944	4402.92803014363
-1987131.62760071	8994677.16675611	1987131.62760071	-4402.73876581908	-1814.86845161651	4402.73876581908
-1988012.15642058	8994314.10737873	1988012.15642058	-4402.54941910950	-1815.72531529056	4402.54941910950
-1988892.64736287	8993950.87663275	1988892.64736287	-4402.35999001972	-1816.58213757615	4402.35999001972
-1989773.10041111	8993587.47452645	1989773.10041111	-4402.17047855463	-1817.43891845789	4402.17047855463
-1990653.51554882	8993223.90106812	1990653.51554882	-4401.98088471906	-1818.29565792036	4401.98088471906
-1991533.89275952	8992860.15626604	1991533.89275952	-4401.79120851789	-1819.15235594815	4401.79120851789
-1992414.23202675	8992496.24012850	1992414.23202675	-4401.60144995598	-1820.00901252585	4401.60144995598
-1993294.53333403	8992132.15266379	1993294.53333403	-4401.41160903819	-1820.86562763806	4401.41160903819
-1994174.79666489	8991767.89388020	1994174.79666489	-4401.22168576939	-1821.72220126936	4401.22168576939
-1995055.02200286	8991403.46378604	1995055.02200286	-4401.03168015444	-1822.57873340436	4401.03168015444
-1995935.20933147	8991038.86238960	1995935.20933147	-4400.84159219822	-1823.43522402765	4400.84159219822
-1996815.35863426	8990674.08969919	1996815.35863426	-4400.65142190559	-1824.29167312383	4400.65142190559
-1997695.46989476	8990309.14572312	1997695.46989476	-4400.46116928142	-1825.14808067749	4400.46116928142
-1998575.54309650	8989944.03046969	1998575.54309650	-4400.27083433059	-1826.00444667324	4400.27083433059
-1999455.57822301	8989578.74394722	1999455.57822301	-4400.08041705796	-1826.86077109568	4400.08041705796
-2000335.57525784	8989213.28616402	2000335.57525784	-4399.88991746843	-1827.71705392941	4399.88991746843
-2001215.53418452	8988847.65712842	2001215.53418452	-4399.69933556685	-1828.57329515903	4399.69933556685
-2002095.45498659	8988481.85684873	2002095.45498659	-4399.50867135811	-1829.42949476915	4399.50867135811
-2002975.33764758	8988115.88533329	2002975.33764758	-4399.31792484709	-1830.28565274438	4399.31792484709
-2003855.18215105	8987749.74259041	2003855.18215105	-4399.12709603866	-1831.14176906933	4399.12709603866
-2004734.98848052	8987383.42862844	2004734.98848052	-4398.93618493772	-1831.99784372859	4398.93618493772
-2005614.75661954	8987016.94345570	2005614.75661954	-4398.74519154913	-1832.85387670679	4398.74519154913
-2006494.48655165	8986650.28708053	2006494.48655165	-4398.55411587779	-1833.70986798854	4398.55411587779
-2007374.17826040	8986283.45951129	2007374.17826040	-4398.36295792859	-1834.56581755844	4398.36295792859
-2008253.83172933	8985916.46075630	2008253.83172933	-4398.17171770640	-1835.42172540112	4398.17171770640
-2009133.44694199	8985549.29082391	2009133.44694199	-4397.98039521613	-1836.27759150118	4397.98039521613
-2010013.02388193	8985181.94972248	2010013.02388193	-4397.78899046265	-1837.13341584325	4397.78899046265
-2010892.56253269	8984814.43746036	2010892.56253269	-4397.59750345085	-1837.98919841194	4397.59750345085
-2011772.06287782	8984446.75404591	2011772.06287782	-4397.40593418564	-1838.84493919187	4397.40593418564
-2012651.52490087	8984078.89948748	2012651.52490087	-4397.21428267191	-1839.70063816767	4397.21428267191
-2013530.94858540	8983710.87379343	2013530.94858540	-4397.02254891454	-1840.55629532394	4397.02254891454
-2014410.33391495	8983342.67697214	2014410.33391495	-4396.83073291844	-1841.41191064532	4396.83073291844
-2015289.68087307	8982974.30903197	2015289.68087307	-4396.63883468850	-1842.26748411644	4396.63883468850
-2016168.98944333	8982605.76998129	2016168.98944333	-4396.44685422963	-1843.12301572191	4396.44685422963
-2017048.25960927	8982237.05982848	2017048.25960927	-4396.25479154672	-1843.97850544636	4396.25479154672
-2017927.49135446	8981868.17858191	2017927.49135446	-4396.06264664467	-1844.83395327442	4396.06264664467
-2018806.68466244	8981499.12624997	2018806.68466244	-4395.87041952840	-1845.68935919073	4395.87041952840
-2019685.83951677	8981129.90284104	2019685.83951677	-4395.67811020279	-1846.54472317990	4395.67811020279
-2020564.95590103	8980760.50836350	2020564.95590103	-4395.48571867277	-1847.40004522658	4395.48571867277
-2021444.03379875	8980390.94282575	2021444.03379875	-4395.29324494323	-1848.25532531539	4395.29324494323
-2022323.07319351	8980021.20623617	2022323.07319351	-4395.10068901909	-1849.11056343098	4395.10068901909
-2023202.07406887	8979651.29860318	2023202.07406887	-4394.90805090525	-1849.96575955797	4394.90805090525
-2024081.03640838	8979281.21993515	2024081.03640838	-4394.71533060663	-1850.82091368100	4394.71533060663
-2024959.96019562	8978910.97024051	2024959.96019562	-4394.52252812813	-1851.67602578472	4394.52252812813
-2025838.84541414	8978540.54952764	2025838.84541414	-4394.32964347468	-1852.53109585375	4394.32964347468
-2026717.69204752	8978169.95780497	2026717.69204752	-4394.13667665118	-1853.38612387275	4394.13667665118
-2027596.50007932	8977799.19508090	2027596.50007932	-4393.94362766256	-1854.24110982635	4393.94362766256
-2028475.26949310	8977428.26136385	2028475.26949310	-4393.75049651373	-1855.09605369920	4393.75049651373
-2029354.00027244	8977057.15666223	2029354.00027244	-4393.55728320962	-1855.95095547593	4393.55728320962
-2030232.69240090	8976685.88098447	2030232.69240090	-4393.36398775513	-1856.80581514121	4393.36398775513
-2031111.34586206	8976314.43433898	2031111.34586206	-4393.17061015520	-1857.66063267967	4393.17061015520
-2031989.96063948	8975942.81673420	2031989.96063948	-4392.97715041474	-1858.51540807596	4392.97715041474
-2032868.53671674	8975571.02817856	2032868.53671674	-4392.78360853869	-1859.37014131473	4392.78360853869
-2033747.07407742	8975199.06868049	2033747.07407742	-4392.58998453197	-1860.22483238064	4392.58998453197
-2034625.57270508	8974826.93824842	2034625.57270508	-4392.39627839950	-1861.07948125833	4392.39627839950
-2035504.03258330	8974454.63689080	2035504.03258330	-4392.20249014621	-1861.93408793246	4392.20249014621
-2036382.45369567	8974082.16461606	2036382.45369567	-4392.00861977704	-1862.78865238769	4392.00861977704
-2037260.83602575	8973709.52143266	2037260.83602575	-4391.81466729691	-1863.64317460866	4391.81466729691
-2038139.17955712	8973336.70734903	2038139.17955712	-4391.62063271077	-1864.49765458004	4391.62063271077
-2039017.48427337	8972963.72237364	2039017.48427337	-4391.42651602353	-1865.35209228647	4391.42651602353
-2039895.75015807	8972590.56651493	2039895.75015807	-4391.23231724014	-1866.20648771264	4391.23231724014
-2040773.97719480	8972217.23978137	2040773.97719480	-4391.03803636554	-1867.06084084318	4391.03803636554
-2041652.16536716	8971843.74218141	2041652.16536716	-4390.84367340466	-1867.91515166276	4390.84367340466
-2042530.31465871	8971470.07372351	2042530.31465871	-4390.64922836244	-1868.76942015605	4390.64922836244
-2043408.42505304	8971096.23441616	2043408.42505304	-4390.45470124382	-1869.62364630771	4390.45470124382
-2044286.49653375	8970722.22426781	2044286.49653375	-4390.26009205375	-1870.47783010241	4390.26009205375
-2045164.52908441	8970348.04328694	2045164.52908441	-4390.06540079717	-1871.33197152481	4390.06540079717
-2046042.52268861	8969973.69148202	2046042.52268861	-4389.87062747903	-1872.18607055958	4389.87062747903
-2046920.47732995	8969599.16886153	2046920.47732995	-4389.67577210426	-1873.04012719138	4389.67577210426
-2047798.39299200	8969224.47543396	2047798.39299200	-4389.48083467782	-1873.89414140490	4389.48083467782
-2048676.26965836	8968849.61120779	2048676.26965836	-4389.28581520466	-1874.74811318480	4389.28581520466
-2049554.10731262	8968474.57619152	2049554.10731262	-4389.09071368973	-1875.60204251575	4389.09071368973
-2050431.90593838	8968099.37039362	2050431.90593838	-4388.89553013798	-1876.45592938244	4388.89553013798
-2051309.66551922	8967723.99382259	2051309.66551922	-4388.70026455435	-1877.30977376952	4388.70026455435
-2052187.38603874	8967348.44648694	2052187.38603874	-4388.50491694381	-1878.16357566169	4388.50491694381
-2053065.06748054	8966972.72839516	2053065.06748054	-4388.30948731132	-1879.01733504362	4388.30948731132
-2053942.70982821	8966596.83955575	2053942.70982821	-4388.11397566182	-1879.87105189999	4388.11397566182
-2054820.31306534	8966220.77997723	2054820.31306534	-4387.91838200027	-1880.72472621548	4387.91838200027
-2055697.87717554	8965844.54966810	2055697.87717554	-4387.72270633165	-1881.57835797477	4387.72270633165
-2056575.40214241	8965468.14863688	2056575.40214241	-4387.52694866090	-1882.43194716254	4387.52694866090
-2057452.88794955	8965091.57689208	2057452.88794955	-4387.33110899299	-1883.28549376348	4387.33110899299
-2058330.33458054	8964714.83444222	2058330.33458054	-4387.13518733288	-1884.13899776228	4387.13518733288
-2059207.74201901	8964337.92129582	2059207.74201901	-4386.93918368554	-1884.99245914363	4386.93918368554
-2060085.11024855	8963960.83746141	2060085.11024855	-4386.74309805593	-1885.84587789220	4386.74309805593
-2060962.43925277	8963583.58294751	2060962.43925277	-4386.54693044903	-1886.69925399269	4386.54693044903
-2061839.72901526	8963206.15776266	2061839.72901526	-4386.35068086979	-1887.55258742980	4386.35068086979
-2062716.97951965	8962828.56191539	2062716.97951965	-4386.15434932320	-1888.40587818821	4386.15434932320
-2063594.19074952	8962450.79541423	2063594.19074952	-4385.95793581421	-1889.25912625262	4385.95793581421
-2064471.36268850	8962072.85826773	2064471.36268850	-4385.76144034782	-1890.11233160772	4385.76144034782
-2065348.49532019	8961694.75048444	2065348.49532019	-4385.56486292898	-1890.96549423821	4385.56486292898
-2066225.58862820	8961316.47207289	2066225.58862820	-4385.36820356267	-1891.81861412878	4385.36820356267
-2067102.64259614	8960938.02304164	2067102.64259614	-4385.17146225388	-1892.67169126414	4385.17146225388
-2067979.65720763	8960559.40339924	2067979.65720763	-4384.97463900757	-1893.52472562899	4384.97463900757
-2068856.63244627	8960180.61315425	2068856.63244627	-4384.77773382874	-1894.37771720801	4384.77773382874
-2069733.56829569	8959801.65231522	2069733.56829569	-4384.58074672236	-1895.23066598593	4384.58074672236
-2070610.46473949	8959422.52089072	2070610.46473949	-4384.38367769340	-1896.08357194744	4384.38367769340
-2071487.32176129	8959043.21888930	2071487.32176129	-4384.18652674687	-1896.93643507725	4384.18652674687
-2072364.13934471	8958663.74631955	2072364.13934471	-4383.98929388773	-1897.78925536006	4383.98929388773
-2073240.91747337	8958284.10319002	2073240.91747337	-4383.79197912098	-1898.64203278058	4383.79197912098
-2074117.65613089	8957904.28950930	2074117.65613089	-4383.59458245161	-1899.49476732352	4383.59458245161
-2074994.35530088	8957524.30528595	2074994.35530088	-4383.39710388460	-1900.34745897359	4383.39710388460
-2075871.01496697	8957144.15052857	2075871.01496697	-4383.19954342494	-1901.20010771550	4383.19954342494
-2076747.63511278	8956763.82524573	2076747.63511278	-4383.00190107763	-1902.05271353397	4383.00190107763
-2077624.21572193	8956383.32944602	2077624.21572193	-4382.80417684766	-1902.90527641370	4382.80417684766
-2078500.75677805	8956002.66313803	2078500.75677805	-4382.60637074002	-1903.75779633942	4382.60637074002
-2079377.25826476	8955621.82633035	2079377.25826476	-4382.40848275971	-1904.61027329584	4382.40848275971
-2080253.72016569	8955240.81903158	2080253.72016569	-4382.21051291172	-1905.46270726767	4382.21051291172
-2081130.14246446	8954859.64125031	2081130.14246446	-4382.01246120105	-1906.31509823965	4382.01246120105
-2082006.52514470	8954478.29299515	2082006.52514470	-4381.81432763271	-1907.16744619648	4381.81432763271
-2082882.86819005	8954096.77427471	2082882.86819005	-4381.61611221169	-1908.01975112289	4381.61611221169
-2083759.17158412	8953715.08509758	2083759.17158412	-4381.41781494300	-1908.87201300360	4381.41781494300
-2084635.43531056	8953333.22547237	2084635.43531056	-4381.21943583163	-1909.72423182334	4381.21943583163
-2085511.65935300	8952951.19540772	2085511.65935300	-4381.02097488260	-1910.57640756683	4381.02097488260
-2086387.84369506	8952568.99491222	2086387.84369506	-4380.82243210091	-1911.42854021879	4380.82243210091
-2087263.98832038	8952186.62399450	2087263.98832038	-4380.62380749157	-1912.28062976397	4380.62380749157
-2088140.09321260	8951804.08266319	2088140.09321260	-4380.42510105958	-1913.13267618708	4380.42510105958
-2089016.15835535	8951421.37092690	2089016.15835535	-4380.22631280996	-1913.98467947286	4380.22631280996
-2089892.18373228	8951038.48879427	2089892.18373228	-4380.02744274772	-1914.83663960603	4380.02744274772
-2090768.16932701	8950655.43627393	2090768.16932701	-4379.82849087787	-1915.68855657134	4379.82849087787
-2091644.11512319	8950272.21337452	2091644.11512319	-4379.62945720542	-1916.54043035351	4379.62945720542
-2092520.02110445	8949888.82010467	2092520.02110445	-4379.43034173540	-1917.39226093727	4379.43034173540
-2093395.88725444	8949505.25647302	2093395.88725444	-4379.23114447282	-1918.24404830738	4379.23114447282
-2094271.71355680	8949121.52248822	2094271.71355680	-4379.03186542269	-1919.09579244855	4379.03186542269
-2095147.49999517	8948737.61815891	2095147.49999517	-4378.83250459004	-1919.94749334554	4378.83250459004
-2096023.24655320	8948353.54349376	2096023.24655320	-4378.63306197988	-1920.79915098307	4378.63306197988
-2096898.95321453	8947969.29850140	2096898.95321453	-4378.43353759725	-1921.65076534590	4378.43353759725
-2097774.61996280	8947584.88319050	2097774.61996280	-4378.23393144715	-1922.50233641877	4378.23393144715
-2098650.24678167	8947200.29756971	2098650.24678167	-4378.03424353463	-1923.35386418642	4378.03424353463
-2099525.83365478	8946815.54164770	2099525.83365478	-4377.83447386470	-1924.20534863359	4377.83447386470
-2100401.38056578	8946430.61543314	2100401.38056578	-4377.63462244240	-1925.05678974503	4377.63462244240
-2101276.88749832	8946045.51893469	2101276.88749832	-4377.43468927274	-1925.90818750549	4377.43468927274
-2102152.35443605	8945660.25216103	2102152.35443605	-4377.23467436076	-1926.75954189972	4377.23467436076
-2103027.78136263	8945274.81512082	2103027.78136263	-4377.03457771150	-1927.61085291247	4377.03457771150
-2103903.16826170	8944889.20782275	2103903.16826170	-4376.83439932999	-1928.46212052849	4376.83439932999
-2104778.51511692	8944503.43027550	2104778.51511692	-4376.63413922125	-1929.31334473254	4376.63413922125
-2105653.82191195	8944117.48248775	2105653.82191195	-4376.43379739033	-1930.16452550936	4376.43379739033
-2106529.08863044	8943731.36446819	2106529.08863044	-4376.23337384226	-1931.01566284371	4376.23337384226
-2107404.31525604	8943345.07622551	2107404.31525604	-4376.03286858208	-1931.86675672036	4376.03286858208
-2108279.50177243	8942958.61776840	2108279.50177243	-4375.83228161484	-1932.71780712406	4375.83228161484
-2109154.64816325	8942571.98910556	2109154.64816325	-4375.63161294556	-1933.56881403956	4375.63161294556
-2110029.75441216	8942185.19024569	2110029.75441216	-4375.43086257930	-1934.41977745164	4375.43086257930
-2110904.82050283	8941798.22119748	2110904.82050283	-4375.23003052109	-1935.27069734505	4375.23003052109
-2111779.84641892	8941411.08196965	2111779.84641892	-4375.02911677598	-1936.12157370455	4375.02911677598
-2112654.83214410	8941023.77257091	2112654.83214410	-4374.82812134902	-1936.97240651491	4374.82812134902
-2113529.77766202	8940636.29300995	2113529.77766202	-4374.62704424526	-1937.82319576089	4374.62704424526
-2114404.68295635	8940248.64329551	2114404.68295635	-4374.42588546974	-1938.67394142727	4374.42588546974
-2115279.54801075	8939860.82343629	2115279.54801075	-4374.22464502751	-1939.52464349881	4374.22464502751
-2116154.37280891	8939472.83344102	2116154.37280891	-4374.02332292363	-1940.37530196029	4374.02332292363
-2117029.15733447	8939084.67331842	2117029.15733447	-4373.82191916315	-1941.22591679646	4373.82191916315
-2117903.90157112	8938696.34307722	2117903.90157112	-4373.62043375111	-1942.07648799211	4373.62043375111
-2118778.60550252	8938307.84272614	2118778.60550252	-4373.41886669259	-1942.92701553201	4373.41886669259
-2119653.26911235	8937919.17227392	2119653.26911235	-4373.21721799263	-1943.77749940093	4373.21721799263
-2120527.89238427	8937530.33172930	2120527.89238427	-4373.01548765629	-1944.62793958365	4373.01548765629
-2121402.47530196	8937141.32110101	2121402.47530196	-4372.81367568863	-1945.47833606495	4372.81367568863
-2122277.01784909	8936752.14039779	2122277.01784909	-4372.61178209471	-1946.32868882960	4372.61178209471
-2123151.52000934	8936362.78962840	2123151.52000934	-4372.40980687960	-1947.17899786239	4372.40980687960
-2124025.98176639	8935973.26880157	2124025.98176639	-4372.20775004836	-1948.02926314810	4372.20775004836
-2124900.40310391	8935583.57792606	2124900.40310391	-4372.00561160604	-1948.87948467151	4372.00561160604
-2125774.78400558	8935193.71701062	2125774.78400558	-4371.80339155773	-1949.72966241740	4371.80339155773
-2126649.12445508	8934803.68606401	2126649.12445508	-4371.60108990848	-1950.57979637057	4371.60108990848
-2127523.42443609	8934413.48509500	2127523.42443609	-4371.39870666336	-1951.42988651579	4371.39870666336
-2128397.68393229	8934023.11411233	2128397.68393229	-4371.19624182744	-1952.27993283785	4371.19624182744
-2129271.90292737	8933632.57312479	2129271.90292737	-4370.99369540581	-1953.12993532155	4370.99369540581
-2130146.08140500	8933241.86214113	2130146.08140500	-4370.79106740351	-1953.97989395168	4370.79106740351
-2131020.21934888	8932850.98117014	2131020.21934888	-4370.58835782564	-1954.82980871302	4370.58835782564
-2131894.31674268	8932459.93022057	2131894.31674268	-4370.38556667727	-1955.67967959037	4370.38556667727
-2132768.37357010	8932068.70930123	2132768.37357010	-4370.18269396347	-1956.52950656852	4370.18269396347
-2133642.38981482	8931677.31842088	2133642.38981482	-4369.97973968932	-1957.37928963227	4369.97973968932
-2134516.36546053	8931285.75758831	2134516.36546053	-4369.77670385990	-1958.22902876642	4369.77670385990
-2135390.30049092	8930894.02681230	2135390.30049092	-4369.57358648029	-1959.07872395576	4369.57358648029
-2136264.19488968	8930502.12610165	2136264.19488968	-4369.37038755557	-1959.92837518509	4369.37038755557
-2137138.04864051	8930110.05546516	2137138.04864051	-4369.16710709083	-1960.77798243922	4369.16710709083
-2138011.86172708	8929717.81491161	2138011.86172708	-4368.96374509115	-1961.62754570295	4368.96374509115
-2138885.63413310	8929325.40444981	2138885.63413310	-4368.76030156161	-1962.47706496108	4368.76030156161
-2139759.36584227	8928932.82408856	2139759.36584227	-4368.55677650731	-1963.32654019841	4368.55677650731
-2140633.05683827	8928540.07383667	2140633.05683827	-4368.35316993332	-1964.17597139975	4368.35316993332
-2141506.70710481	8928147.15370294	2141506.70710481	-4368.14948184475	-1965.02535854991	4368.14948184475
-2142380.31662558	8927754.06369618	2142380.31662558	-4367.94571224668	-1965.87470163370	4367.94571224668
-2143253.88538429	8927360.80382522	2143253.88538429	-4367.74186114420	-1966.72400063592	4367.74186114420
-2144127.41336462	8926967.37409886	2144127.41336462	-4367.53792854241	-1967.57325554139	4367.53792854241
-2145000.90055028	8926573.77452593	2145000.90055028	-4367.33391444641	-1968.42246633491	4367.33391444641
-2145874.34692498	8926180.00511526	2145874.34692498	-4367.12981886129	-1969.27163300130	4367.12981886129
-2146747.75247241	8925786.06587567	2146747.75247241	-4366.92564179214	-1970.12075552538	4366.92564179214
-2147621.11717628	8925391.95681599	2147621.11717628	-4366.72138324407	-1970.96983389195	4366.72138324407
-2148494.44102029	8924997.67794505	2148494.44102029	-4366.51704322218	-1971.81886808584	4366.51704322218
-2149367.72398815	8924603.22927169	2149367.72398815	-4366.31262173156	-1972.66785809187	4366.31262173156
-2150240.96606357	8924208.61080475	2150240.96606357	-4366.10811877733	-1973.51680389485	4366.10811877733
-2151114.16723025	8923813.82255308	2151114.16723025	-4365.90353436459	-1974.36570547961	4365.90353436459
-2151987.32747190	8923418.86452550	2151987.32747190	-4365.69886849843	-1975.21456283096	4365.69886849843
-2152860.44677223	8923023.73673089	2152860.44677223	-4365.49412118398	-1976.06337593373	4365.49412118398
-2153733.52511495	8922628.43917808	2153733.52511495	-4365.28929242633	-1976.91214477275	4365.28929242633
-2154606.56248378	8922232.97187593	2154606.56248378	-4365.08438223061	-1977.76086933284	4365.08438223061
-2155479.55886243	8921837.33483329	2155479.55886243	-4364.87939060191	-1978.60954959882	4364.87939060191
-2156352.51423461	8921441.52805904	2156352.51423461	-4364.67431754535	-1979.45818555554	4364.67431754535
-2157225.42858403	8921045.55156202	2157225.42858403	-4364.46916306604	-1980.30677718781	4364.46916306604
-2158098.30189441	8920649.40535112	2158098.30189441	-4364.26392716910	-1981.15532448047	4364.26392716910
-2158971.13414948	8920253.08943518	2158971.13414948	-4364.05860985965	-1982.00382741834	4364.05860985965
-2159843.92533294	8919856.60382311	2159843.92533294	-4363.85321114280	-1982.85228598628	4363.85321114280
-2160716.67542851	8919459.94852375	2160716.67542851	-4363.64773102367	-1983.70070016910	4363.64773102367
-2161589.38441992	8919063.12354600	2161589.38441992	-4363.44216950739	-1984.54906995165	4363.44216950739
-2162462.05229089	8918666.12889873	2162462.05229089	-4363.23652659906	-1985.39739531876	4363.23652659906
-2163334.67902514	8918268.96459083	2163334.67902514	-4363.03080230382	-1986.24567625527	4363.03080230382
-2164207.26460639	8917871.63063119	2164207.26460639	-4362.82499662680	-1987.09391274603	4362.82499662680
-2165079.80901836	8917474.12702870	2165079.80901836	-4362.61910957310	-1987.94210477587	4362.61910957310
-2165952.31224479	8917076.45379225	2165952.31224479	-4362.41314114787	-1988.79025232964	4362.41314114787
-2166824.77426939	8916678.61093074	2166824.77426939	-4362.20709135623	-1989.63835539218	4362.20709135623
-2167697.19507590	8916280.59845307	2167697.19507590	-4362.00096020330	-1990.48641394834	4362.00096020330
-2168569.57464804	8915882.41636813	2168569.57464804	-4361.79474769423	-1991.33442798296	4361.79474769423
-2169441.91296955	8915484.06468485	2169441.91296955	-4361.58845383414	-1992.18239748089	4361.58845383414
-2170314.21002415	8915085.54341212	2170314.21002415	-4361.38207862816	-1993.03032242699	4361.38207862816
-2171186.46579557	8914686.85255885	2171186.46579557	-4361.17562208143	-1993.87820280610	4361.17562208143
-2172058.68026755	8914287.99213397	2172058.68026755	-4360.96908419909	-1994.72603860307	4360.96908419909
-2172930.85342382	8913888.96214639	2172930.85342382	-4360.76246498627	-1995.57382980276	4360.76246498627
-2173802.98524811	8913489.76260503	2173802.98524811	-4360.55576444811	-1996.42157639002	4360.55576444811
-2174675.07572416	8913090.39351881	2174675.07572416	-4360.34898258975	-1997.26927834971	4360.34898258975
-2175547.12483571	8912690.85489667	2175547.12483571	-4360.14211941634	-1998.11693566668	4360.14211941634
-2176419.13256650	8912291.14674753	2176419.13256650	-4359.93517493300	-1998.96454832580	4359.93517493300
-2177291.09890025	8911891.26908032	2177291.09890025	-4359.72814914490	-1999.81211631192	4359.72814914490
-2178163.02382072	8911491.22190399	2178163.02382072	-4359.52104205716	-2000.65963960991	4359.52104205716
-2179034.90731164	8911091.00522746	2179034.90731164	-4359.31385367495	-2001.50711820463	4359.31385367495
-2179906.74935676	8910690.61905969	2179906.74935676	-4359.10658400341	-2002.35455208093	4359.10658400341
-2180778.54993981	8910290.06340962	2180778.54993981	-4358.89923304768	-2003.20194122370	4358.89923304768
-2181650.30904455	8909889.33828619	2181650.30904455	-4358.69180081291	-2004.04928561778	4358.69180081291
-2182522.02665471	8909488.44369836	2182522.02665471	-4358.48428730427	-2004.89658524806	4358.48428730427
-2183393.70275404	8909087.37965508	2183393.70275404	-4358.27669252689	-2005.74384009939	4358.27669252689
-2184265.33732629	8908686.14616531	2184265.33732629	-4358.06901648594	-2006.59105015665	4358.06901648594
-2185136.93035521	8908284.74323800	2185136.93035521	-4357.86125918657	-2007.43821540472	4357.86125918657
-2186008.48182454	8907883.17088213	2186008.48182454	-4357.65342063394	-2008.28533582846	4357.65342063394
-2186879.99171804	8907481.42910666	2186879.99171804	-4357.44550083320	-2009.13241141275	4357.44550083320
-2187751.46001945	8907079.51792056	2187751.46001945	-4357.23749978952	-2009.97944214246	4357.23749978952
-2188622.88671253	8906677.43733280	2188622.88671253	-4357.02941750805	-2010.82642800247	4357.02941750805
-2189494.27178104	8906275.18735235	2189494.27178104	-4356.82125399397	-2011.67336897766	4356.82125399397
-2190365.61520871	8905872.76798820	2190365.61520871	-4356.61300925242	-2012.52026505290	4356.61300925242
-2191236.91697932	8905470.17924933	2191236.91697932	-4356.40468328858	-2013.36711621309	4356.40468328858
-2192108.17707661	8905067.42114471	2192108.17707661	-4356.19627610761	-2014.21392244310	4356.19627610761
-2192979.39548435	8904664.49368334	2192979.39548435	-4355.98778771468	-2015.06068372781	4355.98778771468
-2193850.57218629	8904261.39687421	2193850.57218629	-4355.77921811496	-2015.90740005210	4355.77921811496
-2194721.70716619	8903858.13072632	2194721.70716619	-4355.57056731361	-2016.75407140087	4355.57056731361
-2195592.80040781	8903454.69524865	2195592.80040781	-4355.36183531582	-2017.60069775900	4355.36183531582
-2196463.85189491	8903051.09045021	2196463.85189491	-4355.15302212674	-2018.44727911138	4355.15302212674
-2197334.86161126	8902647.31634000	2197334.86161126	-4354.94412775157	-2019.29381544289	4354.94412775157
-2198205.82954061	8902243.37292703	2198205.82954061	-4354.73515219546	-2020.14030673843	4354.73515219546
-2199076.75566674	8901839.26022030	2199076.75566674	-4354.52609546360	-2020.98675298289	4354.52609546360
-2199947.63997340	8901434.97822883	2199947.63997340	-4354.31695756117	-2021.83315416116	4354.31695756117
-2200818.48244437	8901030.52696163	2200818.48244437	-4354.10773849334	-2022.67951025813	4354.10773849334
-2201689.28306340	8900625.90642773	2201689.28306340	-4353.89843826530	-2023.52582125871	4353.89843826530
-2202560.04181428	8900221.11663613	2202560.04181428	-4353.68905688223	-2024.37208714778	4353.68905688223
-2203430.75868076	8899816.15759587	2203430.75868076	-4353.47959434931	-2025.21830791025	4353.47959434931
-2204301.43364662	8899411.02931597	2204301.43364662	-4353.27005067172	-2026.06448353101	4353.27005067172
-2205172.06669564	8899005.73180546	2205172.06669564	-4353.06042585466	-2026.91061399497	4353.06042585466
-2206042.65781157	8898600.26507338	2206042.65781157	-4352.85071990330	-2027.75669928703	4352.85071990330
-2206913.20697820	8898194.62912875	2206913.20697820	-4352.64093282284	-2028.60273939209	4352.64093282284
-2207783.71417930	8897788.82398063	2207783.71417930	-4352.43106461847	-2029.44873429506	4352.43106461847
-2208654.17939865	8897382.84963805	2208654.17939865	-4352.22111529537	-2030.29468398084	4352.22111529537
-2209524.60262002	8896976.70611005	2209524.60262002	-4352.01108485874	-2031.14058843434	4352.01108485874
-2210394.98382720	8896570.39340569	2210394.98382720	-4351.80097331378	-2031.98644764047	4351.80097331378
-2211265.32300395	8896163.91153401	2211265.32300395	-4351.59078066567	-2032.83226158414	4351.59078066567
-2212135.62013406	8895757.26050407	2212135.62013406	-4351.38050691962	-2033.67803025026	4351.38050691962
-2213005.87520131	8895350.44032493	2213005.87520131	-4351.17015208082	-2034.52375362374	4351.17015208082
-2213876.08818949	8894943.45100564	2213876.08818949	-4350.95971615447	-2035.36943168950	4350.95971615447
-2214746.25908238	8894536.29255527	2214746.25908238	-4350.74919914577	-2036.21506443246	4350.74919914577
-2215616.38786375	8894128.96498289	2215616.38786375	-4350.53860105992	-2037.06065183752	4350.53860105992
-2216486.47451740	8893721.46829756	2216486.47451740	-4350.32792190213	-2037.90619388961	4350.32792190213
-2217356.51902710	8893313.80250836	2217356.51902710	-4350.11716167759	-2038.75169057364	4350.11716167759
-2218226.52137666	8892905.96762436	2218226.52137666	-4349.90632039152	-2039.59714187454	4349.90632039152
-2219096.48154985	8892497.96365464	2219096.48154985	-4349.69539804912	-2040.44254777723	4349.69539804912
-2219966.39953047	8892089.79060828	2219966.39953047	-4349.48439465560	-2041.28790826663	4349.48439465560
-2220836.27530231	8891681.44849437	2220836.27530231	-4349.27331021617	-2042.13322332766	4349.27331021617
-2221706.10884915	8891272.93732199	2221706.10884915	-4349.06214473603	-2042.97849294526	4349.06214473603
-2222575.90015479	8890864.25710023	2222575.90015479	-4348.85089822040	-2043.82371710435	4348.85089822040
-2223445.64920303	8890455.40783818	2223445.64920303	-4348.63957067450	-2044.66889578986	4348.63957067450
-2224315.35597765	8890046.38954495	2224315.35597765	-4348.42816210353	-2045.51402898671	4348.42816210353
-2225185.02046246	8889637.20222963	2225185.02046246	-4348.21667251272	-2046.35911667984	4348.21667251272
-2226054.64264124	8889227.84590132	2226054.64264124	-4348.00510190727	-2047.20415885418	4348.00510190727
-2226924.22249781	8888818.32056913	2226924.22249781	-4347.79345029242	-2048.04915549466	4347.79345029242
-2227793.76001595	8888408.62624216	2227793.76001595	-4347.58171767337	-2048.89410658623	4347.58171767337
-2228663.25517946	8887998.76292954	2228663.25517946	-4347.36990405535	-2049.73901211381	4347.36990405535
-2229532.70797216	8887588.73064036	2229532.70797216	-4347.15800944358	-2050.58387206234	4347.15800944358
-2230402.11837783	8887178.52938375	2230402.11837783	-4346.94603384329	-2051.42868641677	4346.94603384329
-2231271.48638028	8886768.15916884	2231271.48638028	-4346.73397725970	-2052.27345516202	4346.73397725970
-2232140.81196332	8886357.62000473	2232140.81196332	-4346.52183969803	-2053.11817828305	4346.52183969803
-2233010.09511075	8885946.91190057	2233010.09511075	-4346.30962116351	-2053.96285576480	4346.30962116351
-2233879.33580638	8885536.03486548	2233879.33580638	-4346.09732166137	-2054.80748759221	4346.09732166137
-2234748.53403401	8885124.98890858	2234748.53403401	-4345.88494119685	-2055.65207375022	4345.88494119685
-2235617.68977745	8884713.77403902	2235617.68977745	-4345.67247977517	-2056.49661422379	4345.67247977517
-2236486.80302051	8884302.39026594	2236486.80302051	-4345.45993740156	-2057.34110899786	4345.45993740156
-2237355.87374700	8883890.83759848	2237355.87374700	-4345.24731408127	-2058.18555805738	4345.24731408127
-2238224.90194074	8883479.11604577	2238224.90194074	-4345.03460981952	-2059.02996138730	4345.03460981952
-2239093.88758553	8883067.22561697	2239093.88758553	-4344.82182462155	-2059.87431897258	4344.82182462155
-2239962.83066519	8882655.16632123	2239962.83066519	-4344.60895849259	-2060.71863079816	4344.60895849259
-2240831.73116353	8882242.93816770	2240831.73116353	-4344.39601143790	-2061.56289684900	4344.39601143790
-2241700.58906436	8881830.54116554	2241700.58906436	-4344.18298346270	-2062.40711711006	4344.18298346270
-2242569.40435151	8881417.97532391	2242569.40435151	-4343.96987457225	-2063.25129156630	4343.96987457225
-2243438.17700879	8881005.24065197	2243438.17700879	-4343.75668477177	-2064.09542020267	4343.75668477177
-2244306.90702003	8880592.33715889	2244306.90702003	-4343.54341406653	-2064.93950300413	4343.54341406653
-2245175.59436903	8880179.26485383	2245175.59436903	-4343.33006246176	-2065.78353995564	4343.33006246176
-2246044.23903962	8879766.02374596	2246044.23903962	-4343.11662996270	-2066.62753104218	4343.11662996270
-2246912.84101563	8879352.61384447	2246912.84101563	-4342.90311657462	-2067.47147624869	4342.90311657462
-2247781.40028087	8878939.03515852	2247781.40028087	-4342.68952230275	-2068.31537556015	4342.68952230275
-2248649.91681917	8878525.28769730	2248649.91681917	-4342.47584715235	-2069.15922896151	4342.47584715235
-2249518.39061435	8878111.37146999	2249518.39061435	-4342.26209112867	-2070.00303643776	4342.26209112867
-2250386.82165024	8877697.28648578	2250386.82165024	-4342.04825423697	-2070.84679797385	4342.04825423697
-2251255.20991067	8877283.03275386	2251255.20991067	-4341.83433648249	-2071.69051355475	4341.83433648249
-2252123.55537946	8876868.61028341	2252123.55537946	-4341.62033787051	-2072.53418316544	4341.62033787051
-2252991.85804044	8876454.01908365	2252991.85804044	-4341.40625840626	-2073.37780679089	4341.40625840626
-2253860.11787745	8876039.25916376	2253860.11787745	-4341.19209809502	-2074.22138441607	4341.19209809502
-2254728.33487431	8875624.33053294	2254728.33487431	-4340.97785694203	-2075.06491602595	4340.97785694203
-2255596.50901485	8875209.23320041	2255596.50901485	-4340.76353495257	-2075.90840160552	4340.76353495257
-2256464.64028291	8874793.96717536	2256464.64028291	-4340.54913213190	-2076.75184113975	4340.54913213190
-2257332.72866233	8874378.53246702	2257332.72866233	-4340.33464848528	-2077.59523461362	4340.33464848528
-2258200.77413693	8873962.92908458	2258200.77413693	-4340.12008401797	-2078.43858201211	4340.12008401797
-2259068.77669056	8873547.15703728	2259068.77669056	-4339.90543873524	-2079.28188332021	4339.90543873524
-2259936.73630705	8873131.21633432	2259936.73630705	-4339.69071264236	-2080.12513852288	4339.69071264236
-2260804.65297024	8872715.10698494	2260804.65297024	-4339.47590574460	-2080.96834760513	4339.47590574460
-2261672.52666397	8872298.82899835	2261672.52666397	-4339.26101804723	-2081.81151055193	4339.26101804723
-2262540.35737208	8871882.38238379	2262540.35737208	-4339.04604955552	-2082.65462734827	4339.04604955552
-2263408.14507841	8871465.76715049	2263408.14507841	-4338.83100027474	-2083.49769797914	4338.83100027474
-2264275.88976681	8871048.98330768	2264275.88976681	-4338.61587021017	-2084.34072242953	4338.61587021017
-2265143.59142112	8870632.03086460	2265143.59142112	-4338.40065936708	-2085.18370068443	4338.40065936708
-2266011.25002518	8870214.90983049	2266011.25002518	-4338.18536775075	-2086.02663272883	4338.18536775075
-2266878.86556283	8869797.62021459	2266878.86556283	-4337.96999536645	-2086.86951854773	4337.96999536645
-2267746.43801794	8869380.16202615	2267746.43801794	-4337.75454221948	-2087.71235812612	4337.75454221948
-2268613.96737434	8868962.53527443	2268613.96737434	-4337.53900831510	-2088.55515144899	4337.53900831510
-2269481.45361588	8868544.73996866	2269481.45361588	-4337.32339365860	-2089.39789850135	4337.32339365860
-2270348.89672641	8868126.77611811	2270348.89672641	-4337.10769825527	-2090.24059926819	4337.10769825527
-2271216.29668980	8867708.64373204	2271216.29668980	-4336.89192211038	-2091.08325373452	4336.89192211038
-2272083.65348987	8867290.34281971	2272083.65348987	-4336.67606522923	-2091.92586188533	4336.67606522923
-2272950.96711050	8866871.87339038	2272950.96711050	-4336.46012761709	-2092.76842370563	4336.46012761709
-2273818.23753553	8866453.23545332	2273818.23753553	-4336.24410927927	-2093.61093918042	4336.24410927927
-2274685.46474882	8866034.42901781	2274685.46474882	-4336.02801022104	-2094.45340829470	4336.02801022104
-2275552.64873423	8865615.45409310	2275552.64873423	-4335.81183044771	-2095.29583103349	4335.81183044771
-2276419.78947561	8865196.31068849	2276419.78947561	-4335.59556996455	-2096.13820738179	4335.59556996455
-2277286.88695682	8864776.99881325	2277286.88695682	-4335.37922877687	-2096.98053732461	4335.37922877687
-2278153.94116173	8864357.51847666	2278153.94116173	-4335.16280688996	-2097.82282084697	4335.16280688996
-2279020.95207419	8863937.86968801	2279020.95207419	-4334.94630430912	-2098.66505793387	4334.94630430912
-2279887.91967806	8863518.05245659	2279887.91967806	-4334.72972103964	-2099.50724857032	4334.72972103964
-2280754.84395721	8863098.06679169	2280754.84395721	-4334.51305708682	-2100.34939274135	4334.51305708682
-2281621.72489551	8862677.91270260	2281621.72489551	-4334.29631245597	-2101.19149043197	4334.29631245597
-2282488.56247681	8862257.59019862	2282488.56247681	-4334.07948715238	-2102.03354162719	4334.07948715238
-2283355.35668498	8861837.09928905	2283355.35668498	-4333.86258118135	-2102.87554631203	4333.86258118135
-2284222.10750389	8861416.43998320	2284222.10750389	-4333.64559454820	-2103.71750447152	4333.64559454820
-2285088.81491741	8860995.61229037	2285088.81491741	-4333.42852725822	-2104.55941609068	4333.42852725822
-2285955.47890940	8860574.61621987	2285955.47890940	-4333.21137931673	-2105.40128115452	4333.21137931673
-2286822.09946375	8860153.45178102	2286822.09946375	-4332.99415072902	-2106.24309964807	4332.99415072902
-2287688.67656431	8859732.11898312	2287688.67656431	-4332.77684150041	-2107.08487155637	4332.77684150041
-2288555.21019496	8859310.61783550	2288555.21019496	-4332.55945163622	-2107.92659686442	4332.55945163622
-2289421.70033958	8858888.94834749	2289421.70033958	-4332.34198114174	-2108.76827555727	4332.34198114174
-2290288.14698203	8858467.11052839	2290288.14698203	-4332.12443002230	-2109.60990761994	4332.12443002230
-2291154.55010620	8858045.10438755	2291154.55010620	-4331.90679828320	-2110.45149303746	4331.90679828320
-2292020.90969597	8857622.92993429	2292020.90969597	-4331.68908592977	-2111.29303179486	4331.68908592977
-2292887.22573520	8857200.58717794	2292887.22573520	-4331.47129296732	-2112.13452387719	4331.47129296732
-2293753.49820778	8856778.07612785	2293753.49820778	-4331.25341940117	-2112.97596926946	4331.25341940117
-2294619.72709758	8856355.39679335	2294619.72709758	-4331.03546523664	-2113.81736795672	4331.03546523664
-2295485.91238850	8855932.54918378	2295485.91238850	-4330.81743047904	-2114.65871992400	4330.81743047904
-2296352.05406440	8855509.53330850	2296352.05406440	-4330.59931513371	-2115.50002515635	4330.59931513371
-2297218.15210918	8855086.34917683	2297218.15210918	-4330.38111920596	-2116.34128363880	4330.38111920596
-2298084.20650672	8854662.99679815	2298084.20650672	-4330.16284270111	-2117.18249535639	4330.16284270111
-2298950.21724089	8854239.47618181	2298950.21724089	-4329.94448562450	-2118.02366029417	4329.94448562450
-2299816.18429560	8853815.78733715	2299816.18429560	-4329.72604798145	-2118.86477843718	4329.72604798145
-2300682.10765473	8853391.93027355	2300682.10765473	-4329.50752977730	-2119.70584977046	4329.50752977730
-2301547.98730216	8852967.90500036	2301547.98730216	-4329.28893101736	-2120.54687427906	4329.28893101736
-2302413.82322178	8852543.71152695	2302413.82322178	-4329.07025170697	-2121.38785194802	4329.07025170697
-2303279.61539748	8852119.34986270	2303279.61539748	-4328.85149185147	-2122.22878276240	4328.85149185147
-2304145.36381316	8851694.82001696	2304145.36381316	-4328.63265145618	-2123.06966670724	4328.63265145618
-2305011.06845271	8851270.12199913	2305011.06845271	-4328.41373052644	-2123.91050376759	4328.41373052644
-2305876.72930002	8850845.25581857	2305876.72930002	-4328.19472906760	-2124.75129392851	4328.19472906760
-2306742.34633898	8850420.22148468	2306742.34633898	-4327.97564708498	-2125.59203717505	4327.97564708498
-2307607.91955350	8849995.01900683	2307607.91955350	-4327.75648458392	-2126.43273349227	4327.75648458392
-2308473.44892747	8849569.64839440	2308473.44892747	-4327.53724156977	-2127.27338286522	4327.53724156977
-2309338.93444478	8849144.10965680	2309338.93444478	-4327.31791804787	-2128.11398527896	4327.31791804787
-2310204.37608933	8848718.40280342	2310204.37608933	-4327.09851402355	-2128.95454071855	4327.09851402355
-2311069.77384503	8848292.52784365	2311069.77384503	-4326.87902950217	-2129.79504916904	4326.87902950217
-2311935.12769578	8847866.48478688	2311935.12769578	-4326.65946448906	-2130.63551061551	4326.65946448906
-2312800.43762547	8847440.27364253	2312800.43762547	-4326.43981898958	-2131.47592504301	4326.43981898958
-2313665.70361802	8847013.89442000	2313665.70361802	-4326.22009300908	-2132.31629243661	4326.22009300908
-2314530.92565732	8846587.34712869	2314530.92565732	-4326.00028655289	-2133.15661278137	4326.00028655289
-2315396.10372727	8846160.63177802	2315396.10372727	-4325.78039962638	-2133.99688606237	4325.78039962638
-2316261.23781180	8845733.74837740	2316261.23781180	-4325.56043223488	-2134.83711226466	4325.56043223488
-2317126.32789481	8845306.69693626	2317126.32789481	-4325.34038438377	-2135.67729137332	4325.34038438377
-2317991.37396020	8844879.47746399	2317991.37396020	-4325.12025607839	-2136.51742337343	4325.12025607839
-2318856.37599188	8844452.08997005	2318856.37599188	-4324.90004732409	-2137.35750825004	4324.90004732409
-2319721.33397376	8844024.53446384	2319721.33397376	-4324.67975812623	-2138.19754598825	4324.67975812623
-2320586.24788977	8843596.81095480	2320586.24788977	-4324.45938849018	-2139.03753657311	4324.45938849018
-2321451.11772380	8843168.91945236	2321451.11772380	-4324.23893842128	-2139.87747998971	4324.23893842128
-2322315.94345977	8842740.85996595	2322315.94345977	-4324.01840792491	-2140.71737622313	4324.01840792491
-2323180.72508160	8842312.63250502	2323180.72508160	-4323.79779700642	-2141.55722525844	4323.79779700642
-2324045.46257321	8841884.23707900	2324045.46257321	-4323.57710567117	-2142.39702708073	4323.57710567117
-2324910.15591850	8841455.67369734	2324910.15591850	-4323.35633392454	-2143.23678167507	4323.35633392454
-2325774.80510141	8841026.94236948	2325774.80510141	-4323.13548177188	-2144.07648902656	4323.13548177188
-2326639.41010584	8840598.04310489	2326639.41010584	-4322.91454921856	-2144.91614912027	4322.91454921856
-2327503.97091573	8840168.97591299	2327503.97091573	-4322.69353626996	-2145.75576194129	4322.69353626996
-2328368.48751498	8839739.74080327	2328368.48751498	-4322.47244293143	-2146.59532747470	4322.47244293143
-2329232.95988753	8839310.33778516	2329232.95988753	-4322.25126920836	-2147.43484570560	4322.25126920836
-2330097.38801730	8838880.76686814	2330097.38801730	-4322.03001510611	-2148.27431661908	4322.03001510611
-2330961.77188820	8838451.02806168	2330961.77188820	-4321.80868063005	-2149.11374020022	4321.80868063005
-2331826.11148418	8838021.12137523	2331826.11148418	-4321.58726578557	-2149.95311643412	4321.58726578557
-2332690.40678915	8837591.04681827	2332690.40678915	-4321.36577057804	-2150.79244530588	4321.36577057804
-2333554.65778704	8837160.80440027	2333554.65778704	-4321.14419501283	-2151.63172680058	4321.14419501283
-2334418.86446178	8836730.39413071	2334418.86446178	-4320.92253909532	-2152.47096090332	4320.92253909532
-2335283.02679731	8836299.81601907	2335283.02679731	-4320.70080283090	-2153.31014759921	4320.70080283090
-2336147.14477755	8835869.07007484	2336147.14477755	-4320.47898622494	-2154.14928687334	4320.47898622494
-2337011.21838643	8835438.15630749	2337011.21838643	-4320.25708928282	-2154.98837871081	4320.25708928282
-2337875.24760789	8835007.07472652	2337875.24760789	-4320.03511200994	-2155.82742309672	4320.03511200994
-2338739.23242587	8834575.82534142	2338739.23242587	-4319.81305441167	-2156.66642001618	4319.81305441167
-2339603.17282429	8834144.40816168	2339603.17282429	-4319.59091649341	-2157.50536945429	4319.59091649341
-2340467.06878710	8833712.82319680	2340467.06878710	-4319.36869826053	-2158.34427139616	4319.36869826053
-2341330.92029824	8833281.07045629	2341330.92029824	-4319.14639971843	-2159.18312582689	4319.14639971843
-2342194.72734163	8832849.14994964	2342194.72734163	-4318.92402087249	-2160.02193273159	4318.92402087249
-2343058.48990122	8832417.06168637	2343058.48990122	-4318.70156172812	-2160.86069209537	4318.70156172812
-2343922.20796096	8831984.80567598	2343922.20796096	-4318.47902229069	-2161.69940390334	4318.47902229069
-2344785.88150478	8831552.38192798	2344785.88150478	-4318.25640256562	-2162.53806814062	4318.25640256562
-2345649.51051663	8831119.79045189	2345649.51051663	-4318.03370255828	-2163.37668479232	4318.03370255828
-2346513.09498045	8830687.03125724	2346513.09498045	-4317.81092227407	-2164.21525384356	4317.81092227407
-2347376.63488019	8830254.10435353	2347376.63488019	-4317.58806171841	-2165.05377527944	4317.58806171841
-2348240.13019979	8829821.00975030	2348240.13019979	-4317.36512089667	-2165.89224908509	4317.36512089667
-2349103.58092320	8829387.74745707	2349103.58092320	-4317.14209981427	-2166.73067524563	4317.14209981427
-2349966.98703437	8828954.31748338	2349966.98703437	-4316.91899847660	-2167.56905374617	4316.91899847660
-2350830.34851724	8828520.71983875	2350830.34851724	-4316.69581688907	-2168.40738457185	4316.69581688907
-2351693.66535578	8828086.95453272	2351693.66535578	-4316.47255505709	-2169.24566770777	4316.47255505709
-2352556.93753393	8827653.02157484	2352556.93753393	-4316.24921298605	-2170.08390313907	4316.24921298605
-2353420.16503564	8827218.92097464	2353420.16503564	-4316.02579068136	-2170.92209085087	4316.02579068136
-2354283.34784487	8826784.65274167	2354283.34784487	-4315.80228814844	-2171.76023082829	4315.80228814844
-2355146.48594556	8826350.21688549	2355146.48594556	-4315.57870539269	-2172.59832305646	4315.57870539269
-2356009.57932169	8825915.61341563	2356009.57932169	-4315.35504241952	-2173.43636752052	4315.35504241952
-2356872.62795720	8825480.84234165	2356872.62795720	-4315.13129923435	-2174.27436420559	4315.13129923435
-2357735.63183605	8825045.90367312	2357735.63183605	-4314.90747584258	-2175.11231309680	4314.90747584258
-2358598.59094221	8824610.79741960	2358598.59094221	-4314.68357224964	-2175.95021417930	4314.68357224964
-2359461.50525962	8824175.52359063	2359461.50525962	-4314.45958846093	-2176.78806743820	4314.45958846093
-2360324.37477226	8823740.08219580	2360324.37477226	-4314.23552448188	-2177.62587285865	4314.23552448188
-2361187.19946408	8823304.47324467	2361187.19946408	-4314.01138031790	-2178.46363042578	4314.01138031790
-2362049.97931905	8822868.69674682	2362049.97931905	-4313.78715597441	-2179.30134012474	4313.78715597441
-2362912.71432114	8822432.75271181	2362912.71432114	-4313.56285145684	-2180.13900194066	4313.56285145684
-2363775.40445430	8821996.64114923	2363775.40445430	-4313.33846677060	-2180.97661585869	4313.33846677060
-2364638.04970251	8821560.36206866	2364638.04970251	-4313.11400192112	-2181.81418186396	4313.11400192112
-2365500.65004974	8821123.91547968	2365500.65004974	-4312.88945691383	-2182.65169994162	4312.88945691383
-2366363.20547994	8820687.30139187	2366363.20547994	-4312.66483175414	-2183.48917007682	4312.66483175414
-2367225.71597710	8820250.51981484	2367225.71597710	-4312.44012644749	-2184.32659225470	4312.44012644749
-2368088.18152518	8819813.57075817	2368088.18152518	-4312.21534099930	-2185.16396646041	4312.21534099930
-2368950.60210816	8819376.45423146	2368950.60210816	-4311.99047541501	-2186.00129267910	4311.99047541501
-2369812.97771001	8818939.17024430	2369812.97771001	-4311.76552970004	-2186.83857089591	4311.76552970004
-2370675.30831470	8818501.71880630	2370675.30831470	-4311.54050385983	-2187.67580109601	4311.54050385983
-2371537.59390621	8818064.09992706	2371537.59390621	-4311.31539789981	-2188.51298326455	4311.31539789981
-2372399.83446852	8817626.31361620	2372399.83446852	-4311.09021182542	-2189.35011738667	4311.09021182542
-2373262.02998560	8817188.35988332	2373262.02998560	-4310.86494564209	-2190.18720344754	4310.86494564209
-2374124.18044143	8816750.23873803	2374124.18044143	-4310.63959935526	-2191.02424143232	4310.63959935526
-2374986.28582000	8816311.95018995	2374986.28582000	-4310.41417297036	-2191.86123132615	4310.41417297036
-2375848.34610528	8815873.49424871	2375848.34610528	-4310.18866649284	-2192.69817311421	4310.18866649284
-2376710.36128125	8815434.87092392	2376710.36128125	-4309.96307992814	-2193.53506678164	4309.96307992814
-2377572.33133190	8814996.08022521	2377572.33133190	-4309.73741328170	-2194.37191231363	4309.73741328170
-2378434.25624122	8814557.12216221	2378434.25624122	-4309.51166655897	-2195.20870969532	4309.51166655897
-2379296.13599318	8814117.99674455	2379296.13599318	-4309.28583976538	-2196.04545891189	4309.28583976538
-2380157.97057178	8813678.70398186	2380157.97057178	-4309.05993290639	-2196.88215994850	4309.05993290639
-2381019.75996099	8813239.24388379	2381019.75996099	-4308.83394598744	-2197.71881279032	4308.83394598744
-2381881.50414482	8812799.61645997	2381881.50414482	-4308.60787901399	-2198.55541742252	4308.60787901399
-2382743.20310725	8812359.82172004	2382743.20310725	-4308.38173199147	-2199.39197383026	4308.38173199147
-2383604.85683227	8811919.85967366	2383604.85683227	-4308.15550492535	-2200.22848199873	4308.15550492535
-2384466.46530387	8811479.73033046	2384466.46530387	-4307.92919782107	-2201.06494191310	4307.92919782107
-2385328.02850605	8811039.43370011	2385328.02850605	-4307.70281068410	-2201.90135355853	4307.70281068410
-2386189.54642280	8810598.96979226	2386189.54642280	-4307.47634351987	-2202.73771692021	4307.47634351987
-2387051.01903811	8810158.33861657	2387051.01903811	-4307.24979633386	-2203.57403198332	4307.24979633386
-2387912.44633599	8809717.54018270	2387912.44633599	-4307.02316913151	-2204.41029873302	4307.02316913151
-2388773.82830042	8809276.57450030	2388773.82830042	-4306.79646191829	-2205.24651715451	4306.79646191829
-2389635.16491541	8808835.44157906	2389635.16491541	-4306.56967469966	-2206.08268723296	4306.56967469966
-2390496.45616495	8808394.14142864	2390496.45616495	-4306.34280748108	-2206.91880895356	4306.34280748108
-2391357.70203305	8807952.67405871	2391357.70203305	-4306.11586026800	-2207.75488230149	4306.11586026800
-2392218.90250372	8807511.03947895	2392218.90250372	-4305.88883306590	-2208.59090726194	4305.88883306590
-2393080.05756094	8807069.23769903	2393080.05756094	-4305.66172588025	-2209.42688382009	4305.66172588025
-2393941.16718873	8806627.26872865	2393941.16718873	-4305.43453871649	-2210.26281196113	4305.43453871649
-2394802.23137109	8806185.13257748	2394802.23137109	-4305.20727158012	-2211.09869167025	4305.20727158012
-2395663.25009202	8805742.82925521	2395663.25009202	-4304.97992447658	-2211.93452293265	4304.97992447658
-2396524.22333554	8805300.35877154	2396524.22333554	-4304.75249741136	-2212.77030573351	4304.75249741136
-2397385.15108565	8804857.72113615	2397385.15108565	-4304.52499038992	-2213.60604005803	4304.52499038992
-2398246.03332636	8804414.91635875	2398246.03332636	-4304.29740341775	-2214.44172589140	4304.29740341775
-2399106.87004169	8803971.94444903	2399106.87004169	-4304.06973650030	-2215.27736321882	4304.06973650030
-2399967.66121564	8803528.80541669	2399967.66121564	-4303.84198964306	-2216.11295202548	4303.84198964306
-2400828.40683222	8803085.49927145	2400828.40683222	-4303.61416285150	-2216.94849229659	4303.61416285150
-2401689.10687545	8802642.02602301	2401689.10687545	-4303.38625613111	-2217.78398401735	4303.38625613111
-2402549.76132935	8802198.38568108	2402549.76132935	-4303.15826948736	-2218.61942717296	4303.15826948736
-2403410.37017793	8801754.57825537	2403410.37017793	-4302.93020292572	-2219.45482174861	4302.93020292572
-2404270.93340520	8801310.60375561	2404270.93340520	-4302.70205645170	-2220.29016772951	4302.70205645170
-2405131.45099519	8800866.46219152	2405131.45099519	-4302.47383007075	-2221.12546510087	4302.47383007075
-2405991.92293192	8800422.15357281	2405991.92293192	-4302.24552378838	-2221.96071384790	4302.24552378838
-2406852.34919940	8799977.67790921	2406852.34919940	-4302.01713761007	-2222.79591395579	4302.01713761007
-2407712.72978165	8799533.03521046	2407712.72978165	-4301.78867154130	-2223.63106540977	4301.78867154130
-2408573.06466270	8799088.22548628	2408573.06466270	-4301.56012558756	-2224.46616819503	4301.56012558756
-2409433.35382658	8798643.24874642	2409433.35382658	-4301.33149975434	-2225.30122229680	4301.33149975434
-2410293.59725729	8798198.10500060	2410293.59725729	-4301.10279404713	-2226.13622770029	4301.10279404713
-2411153.79493888	8797752.79425858	2411153.79493888	-4300.87400847143	-2226.97118439070	4300.87400847143
-2412013.94685537	8797307.31653009	2412013.94685537	-4300.64514303272	-2227.80609235326	4300.64514303272
-2412874.05299079	8796861.67182488	2412874.05299079	-4300.41619773650	-2228.64095157318	4300.41619773650
-2413734.11332916	8796415.86015271	2413734.11332916	-4300.18717258828	-2229.47576203568	4300.18717258828
-2414594.12785451	8795969.88152331	2414594.12785451	-4299.95806759353	-2230.31052372598	4299.95806759353
-2415454.09655088	8795523.73594646	2415454.09655088	-4299.72888275777	-2231.14523662930	4299.72888275777
-2416314.01940230	8795077.42343191	2416314.01940230	-4299.49961808649	-2231.97990073087	4299.49961808649
-2417173.89639280	8794630.94398942	2417173.89639280	-4299.27027358519	-2232.81451601591	4299.27027358519
-2418033.72750642	8794184.29762876	2418033.72750642	-4299.04084925938	-2233.64908246964	4299.04084925938
-2418893.51272719	8793737.48435969	2418893.51272719	-4298.81134511455	-2234.48360007729	4298.81134511455
-2419753.25203915	8793290.50419198	2419753.25203915	-4298.58176115622	-2235.31806882409	4298.58176115622
-2420612.94542634	8792843.35713542	2420612.94542634	-4298.35209738988	-2236.15248869527	4298.35209738988
-2421472.59287279	8792396.04319977	2421472.59287279	-4298.12235382105	-2236.98685967606	4298.12235382105
-2422332.19436255	8791948.56239481	2422332.19436255	-4297.89253045523	-2237.82118175168	4297.89253045523
-2423191.74987965	8791500.91473033	2423191.74987965	-4297.66262729794	-2238.65545490738	4297.66262729794
-2424051.25940815	8791053.10021611	2424051.25940815	-4297.43264435468	-2239.48967912839	4297.43264435468
-2424910.72293208	8790605.11886194	2424910.72293208	-4297.20258163097	-2240.32385439995	4297.20258163097
-2425770.14043548	8790156.97067762	2425770.14043548	-4296.97243913231	-2241.15798070728	4296.97243913231
-2426629.51190241	8789708.65567293	2426629.51190241	-4296.74221686423	-2241.99205803564	4296.74221686423
-2427488.83731690	8789260.17385767	2427488.83731690	-4296.51191483224	-2242.82608637026	4296.51191483224
-2428348.11666302	8788811.52524165	2428348.11666302	-4296.28153304185	-2243.66006569638	4296.28153304185
-2429207.34992479	8788362.70983467	2429207.34992479	-4296.05107149859	-2244.49399599925	4296.05107149859
-2430066.53708629	8787913.72764653	2430066.53708629	-4295.82053020797	-2245.32787726410	4295.82053020797
-2430925.67813155	8787464.57868704	2430925.67813155	-4295.58990917552	-2246.16170947620	4295.58990917552
-2431784.77304463	8787015.26296601	2431784.77304463	-4295.35920840676	-2246.99549262077	4295.35920840676
-2432643.82180959	8786565.78049327	2432643.82180959	-4295.12842790721	-2247.82922668308	4295.12842790721
-2433502.82441047	8786116.13127862	2433502.82441047	-4294.89756768239	-2248.66291164836	4294.89756768239
-2434361.78083134	8785666.31533189	2434361.78083134	-4294.66662773784	-2249.49654750188	4294.66662773784
-2435220.69105624	8785216.33266290	2435220.69105624	-4294.43560807907	-2250.33013422888	4294.43560807907
-2436079.55506924	8784766.18328148	2436079.55506924	-4294.20450871163	-2251.16367181462	4294.20450871163
-2436938.37285440	8784315.86719746	2436938.37285440	-4293.97332964103	-2251.99716024435	4293.97332964103
-2437797.14439577	8783865.38442067	2437797.14439577	-4293.74207087280	-2252.83059950334	4293.74207087280
-2438655.86967742	8783414.73496094	2438655.86967742	-4293.51073241249	-2253.66398957682	4293.51073241249
-2439514.54868341	8782963.91882812	2439514.54868341	-4293.27931426562	-2254.49733045008	4293.27931426562
-2440373.18139781	8782512.93603204	2440373.18139781	-4293.04781643773	-2255.33062210836	4293.04781643773
-2441231.76780467	8782061.78658256	2441231.76780467	-4292.81623893435	-2256.16386453693	4292.81623893435
-2442090.30788806	8781610.47048952	2442090.30788806	-4292.58458176103	-2256.99705772105	4292.58458176103
-2442948.80163205	8781158.98776276	2442948.80163205	-4292.35284492329	-2257.83020164599	4292.35284492329
-2443807.24902071	8780707.33841215	2443807.24902071	-4292.12102842669	-2258.66329629700	4292.12102842669
-2444665.65003810	8780255.52244753	2444665.65003810	-4291.88913227675	-2259.49634165937	4291.88913227675
-2445524.00466830	8779803.53987877	2445524.00466830	-4291.65715647903	-2260.32933771836	4291.65715647903
-2446382.31289538	8779351.39071573	2446382.31289538	-4291.42510103907	-2261.16228445923	4291.42510103907
-2447240.57470340	8778899.07496828	2447240.57470340	-4291.19296596240	-2261.99518186727	4291.19296596240
-2448098.79007645	8778446.59264628	2448098.79007645	-4290.96075125459	-2262.82802992773	4290.96075125459
-2448956.95899859	8777993.94375960	2448956.95899859	-4290.72845692116	-2263.66082862591	4290.72845692116
-2449815.08145390	8777541.12831812	2449815.08145390	-4290.49608296769	-2264.49357794706	4290.49608296769
-2450673.15742647	8777088.14633171	2450673.15742647	-4290.26362939970	-2265.32627787647	4290.26362939970
-2451531.18690036	8776634.99781026	2451531.18690036	-4290.03109622276	-2266.15892839942	4290.03109622276
-2452389.16985965	8776181.68276365	2452389.16985965	-4289.79848344242	-2266.99152950118	4289.79848344242
-2453247.10628843	8775728.20120175	2453247.10628843	-4289.56579106422	-2267.82408116703	4289.56579106422
-2454104.99617077	8775274.55313448	2454104.99617077	-4289.33301909374	-2268.65658338225	4289.33301909374
-2454962.83949076	8774820.73857170	2454962.83949076	-4289.10016753651	-2269.48903613214	4289.10016753651
-2455820.63623248	8774366.75752332	2455820.63623248	-4288.86723639811	-2270.32143940196	4288.86723639811
-2456678.38638002	8773912.60999924	2456678.38638002	-4288.63422568408	-2271.15379317702	4288.63422568408
-2457536.08991745	8773458.29600935	2457536.08991745	-4288.40113539999	-2271.98609744258	4288.40113539999
-2458393.74682887	8773003.81556356	2458393.74682887	-4288.16796555141	-2272.81835218396	4288.16796555141
-2459251.35709837	8772549.16867178	2459251.35709837	-4287.93471614388	-2273.65055738642	4287.93471614388
-2460108.92071003	8772094.35534391	2460108.92071003	-4287.70138718298	-2274.48271303527	4287.70138718298
-2460966.43764794	8771639.37558987	2460966.43764794	-4287.46797867427	-2275.31481911580	4287.46797867427
-2461823.90789619	8771184.22941957	2461823.90789619	-4287.23449062331	-2276.14687561329	4287.23449062331
-2462681.33143889	8770728.91684293	2462681.33143889	-4287.00092303568	-2276.97888251306	4287.00092303568
-2463538.70826011	8770273.43786987	2463538.70826011	-4286.76727591694	-2277.81083980038	4286.76727591694
-2464396.03834395	8769817.79251032	2464396.03834395	-4286.53354927267	-2278.64274746057	4286.53354927267
-2465253.32167451	8769361.98077420	2465253.32167451	-4286.29974310843	-2279.47460547892	4286.29974310843
-2466110.55823589	8768906.00267144	2466110.55823589	-4286.06585742979	-2280.30641384072	4286.06585742979
-2466967.74801218	8768449.85821198	2466967.74801218	-4285.83189224234	-2281.13817253129	4285.83189224234
-2467824.89098748	8767993.54740574	2467824.89098748	-4285.59784755164	-2281.96988153593	4285.59784755164
-2468681.98714590	8767537.07026267	2468681.98714590	-4285.36372336327	-2282.80154083994	4285.36372336327
-2469539.03647153	8767080.42679272	2469539.03647153	-4285.12951968282	-2283.63315042863	4285.12951968282
-2470396.03894847	8766623.61700582	2470396.03894847	-4284.89523651585	-2284.46471028730	4284.89523651585
-2471252.99456084	8766166.64091192	2471252.99456084	-4284.66087386794	-2285.29622040127	4284.66087386794
-2472109.90329272	8765709.49852098	2472109.90329272	-4284.42643174469	-2286.12768075584	4284.42643174469
-2472966.76512824	8765252.18984294	2472966.76512824	-4284.19191015166	-2286.95909133632	4284.19191015166
-2473823.58005148	8764794.71488776	2473823.58005148	-4283.95730909446	-2287.79045212803	4283.95730909446
-2474680.34804658	8764337.07366541	2474680.34804658	-4283.72262857865	-2288.62176311629	4283.72262857865
-2475537.06909762	8763879.26618584	2475537.06909762	-4283.48786860983	-2289.45302428641	4283.48786860983
