0
0.004
0.012
0.023
0.037
0.054
0.074
0.097
0.123
0.152
0.183
0.216
0.251
0.289
0.328
0.369
0.412
0.456
0.501
0.548
0.596
0.645
0.694
0.745
0.797
0.849
0.901
0.954
1.008
1.062
1.116
1.17
1.225
1.279
1.334
1.388
1.442
1.496
1.55
1.603
1.655
1.707
1.758
1.808
1.858
1.906
1.953
1.999
2.043
2.086
2.127
2.167
2.205
2.241
2.275
2.307
2.337
2.365
2.391
2.414
2.435
2.454
2.471
2.485
2.497
2.507
2.515
2.52
2.524
2.525
2.524
2.522
2.518
2.512
2.504
2.495
2.484
2.472
2.459
2.444
2.427
2.41
2.391
2.372
2.351
2.329
2.305
2.281
2.256
2.229
2.201
2.172
2.142
2.111
2.079
2.046
2.011
1.975
1.938
1.9
1.86
1.82
1.778
1.735
1.69
1.645
1.598
1.55
1.501
1.451
1.399
1.347
1.294
1.239
1.184
1.129
1.072
1.015
0.958
0.901
0.844
0.786
0.729
0.673
0.618
0.563
0.51
0.459
0.409
0.361
0.315
0.272
0.231
0.193
0.158
0.127
0.098
0.074
0.052
0.034
0.02
0.01
0.003
0