3.63981675858449e-06
0.000114708514677195
0.000447871784915517
0.00100300120783706
0.00177988292032410
0.00277821786972547
0.00399762216849858
0.00543762754861381
0.00709768191459798
0.00897714999380725
0.0110753140822921
0.0133913748844011
0.0159244524440164
0.0186735871651235
0.0216377409191861
0.0248157982366428
0.0282065675796035
0.0318087826926897
0.0356211040287983
0.0396421202463978
0.0438703497748664
0.0483042424442153
0.0529421811754949
0.0577824837280250
0.0628234044995498
0.0680631363753627
0.0734998126223479
0.0791315088239118
0.0849562448517060
0.0909719868700578
0.0971766493690407
0.103568097222099
0.110144147764201
0.116902572886554
0.123841101143898
0.130957419870570
0.138249177301481
0.145713984694349
0.153349418449557
0.161153022224104
0.169122309036302
0.177254763357884
0.185547843190411
0.193998982122917
0.202605591367940
0.211365061773142
0.220274765805959
0.229332059508771
0.238534284422311
0.247878769475133
0.257362832837111
0.266983783735132
0.276738924229226
0.286625550947606
0.296640956779161
0.306782432522146
0.317047268487949
0.327432756058893
0.337936189199287
0.348554865918941
0.359286089688610
0.370127170806846
0.381075427717954
0.392128188280823
0.403282790988489
0.414536586138448
0.425886936953810
0.437331220655469
0.448866829485601
0.460491171682827
0.472201672409534
0.483995774631828
0.495870939952782
0.507824649399589
0.519854404165379
0.531957726306478
0.544132159395922
0.556375269134143
0.568684643917703
0.581057895367076
0.593492658814450
0.605986593752556
0.618537384245595
0.631142739303318
0.643800393219319
0.656508105874674
0.669263663007999
0.682064876453056
0.694909584345012
0.707795651296473
0.720720968544411
0.733683454069067
0.746681052685989
0.759711736112228
0.772773503007840
0.785864378993709
0.798982416646797
0.812125695473832
0.825292321864452
0.838480429024834
0.851688176892771
0.864913752035177
0.878155367528941
0.891411262826077
0.904679703604041
0.917958981602114
0.931247414444669
0.944543345452182
0.957845143440758
0.971151202510966
0.984459941826723
0.997769805384966
1.01107926177679
1.02438680394077
1.03769094890903
1.05099023754685
1.06428323428618
1.07756852685392
1.09084472599523
1.10411046519263
1.11736440038129
1.13060520966105
1.14383159300554
1.15704227196898
1.17023598939098
1.18341150909978
1.19656761561429
1.20970311384537
1.22281682879655
1.23590760526469
1.24897430754072
1.26201581911090
1.27503104235875
1.28801889826801
1.30097832612675
1.31390828323305
1.32680774460227
1.33967570267615
1.35251116703407
1.36531316410646
1.37808073689059
1.39081294466894
1.40350886273023
1.41616758209322
1.42878820923344
1.44136986581295
1.45391168841324
1.46641282827125
1.47887245101878
1.49128973642520
1.50366387814353
1.51599408346013
1.52827957304776
1.54051958072227
1.55271335320294
1.56486014987632
1.57695924256384
1.58900991529302
1.60101146407240
1.61296319667008
1.62486443239608
1.63671450188830
1.64851274690217
1.66025852010400
1.67195118486804
1.68359011507708
1.69517469492682
1.70670431873372
1.71817839074655
1.72959632496146
1.74095754494055
1.75226148363399
1.76350758320563
1.77469529486197
1.78582407868463
1.79689340346611
1.80790274654891
1.81885159366796
1.82973943879623
1.84056578399362
1.85133013925896
1.86203202238519
1.87267095881753
1.88324648151475
1.89375813081342
1.90420545429507
1.91458800665627
1.92490534958154
1.93515705161912
1.94534268805940
1.95546184081616
1.96551409831043
1.97549905535695
1.98541631305325
1.99526547867121
2.00504616555116
2.01475799299838
2.02440058618194
2.03397357603603
2.04347659916344
2.05290929774138
2.06227131942950
2.07156231728010
2.08078194965040
2.08992988011701
2.09900577739229
2.10800931524290
2.11694017241014
2.12579803253230
2.13458258406892
2.14329352022678
2.15193053888783
2.16049334253876
2.16898163820241
2.17739513737079
2.18573355593978
2.19399661414547
2.20218403650205
2.21029555174129
2.21833089275347
2.22628979652988
2.23417200410669
2.24197726051027
2.24970531470390
2.25735591953585
2.26492883168870
2.27242381163006
2.27984062356451
2.28717903538673
2.29443881863592
2.30161974845134
2.30872160352901
2.31574416607956
2.32268722178717
2.32955055976957
2.33633397253907
2.34303725596468
2.34966020923520
2.35620263482324
2.36266433845024
2.36904512905244
2.37534481874774
2.38156322280340
2.38770015960470
2.39375545062439
2.39972892039293
2.40562039646965
2.41142970941461
2.41715669276124
2.42280118298974
2.42836301950125
2.43384204459270
2.43923810343233
2.44455104403597
2.44978071724394
2.45492697669858
2.45998967882250
2.46496868279731
2.46986385054315
2.47467504669860
2.47940213860137
2.48404499626938
2.48860349238251
2.49307750226486
2.49746690386750
2.50177157775178
2.50599140707312
2.51012627756530
2.51417607752522
2.51814069779817
2.52202003176348
2.52581397532069
2.52952242687613
2.53314528732995
2.53668246006354
2.54013385092737
2.54349936822925
2.54677892272295
2.54997242759729
2.55307979846544
2.55610095335479
2.55903581269704
2.56188429931871
2.56464633843195
2.56732185762577
2.56991078685749
2.57241305844467
2.57482860705719
2.57715736970980
2.57939928575487
2.58155429687552
2.58362234707901
2.58560338269045
2.58749735234675
2.58930420699096
2.59102389986675
2.59265638651332
2.59420162476045
2.59565957472393
2.59703019880117
2.59831346166714
2.59950933027050
2.60061777383008
2.60163876383155
2.60257227402435
2.60341828041886
2.60417676128390
2.60484769714434
2.60543107077908
2.60592686721919
2.60633507374635
2.60665567989147
2.60688867743362
2.60703406039913
2.60709182506098
2.60706196993840
2.60694449579671
2.60673940564739
2.60644670474843
2.60606640060486
2.60559850296956
2.60504302384424
2.60439997748080
2.60366938038277
2.60285125130708
2.60194561126606
2.60095248352966
2.59987189362799
2.59870386935397
2.59744844076638
2.59610564019304
2.59467550223434
2.59315806376698
2.59155336394794
2.58986144421879
2.58808234831018
2.58621612224671
2.58426281435193
2.58222247525374
2.58009515789001
2.57788091751452
2.57557981170312
2.57319190036030
2.57071724572594
2.56815591238243
2.56550796726211
2.56277347965498
2.55995252121673
2.55704516597718
2.55405149034892
2.55097157313643
2.54780549554542
2.54455334119260
2.54121519611581
2.53779114878447
2.53428129011042
2.53068571345922
2.52700451466168
2.52323779202598
2.51938564635003
2.51544818093436
2.51142550159540
2.50731771667916
2.50312493707541
2.49884727623232
2.49448485017150
2.49003777750356
2.48550617944420
2.48089017983070
2.47618990513902
2.47140548450135
2.46653704972425
2.46158473530729
2.45654867846229
2.45142901913314
2.44622590001611
2.44093946658093
2.43556986709236
2.43011725263240
2.42458177712321
2.41896359735064
2.41326287298848
2.40747976662332
2.40161444378025
2.39566707294918
2.38963782561193
2.38352687627016
2.37733440247394
2.37106058485129
2.36470560713838
2.35826965621069
2.35175292211497
2.34515559810211
2.33847788066089
2.33171996955267
2.32488206784704
2.31796438195838
2.31096712168352
2.30389050024030
2.29673473430726
2.28950004406433
2.28218665323467
2.27479478912759
2.26732468268261
2.25977656851474
2.25215068496085
2.24444727412743
2.23666658193943
2.22880885819051
2.22087435659455
2.21286333483852
2.20477605463667
2.19661278178627
2.18837378622459
2.18005934208751
2.17166972776957
2.16320522598557
2.15466612383372
2.14605271286043
2.13736528912673
2.12860415327637
2.11976961060564
2.11086197113492
2.10188154968207
2.09282866593760
2.08370364454174
2.07450681516341
2.06523851258115
2.05589907676600
2.04648885296647
2.03700819179555
2.02745744931981
2.01783698715071
2.00814717253811
1.99838837846593
1.98856098375024
1.97866537313960
1.96870193741773
1.95867107350874
1.94857318458472
1.93840868017583
1.92817797628308
1.91788149549354
1.90751966709834
1.89709292721329
1.88660171890228
1.87604649230348
1.86542770475828
1.85474582094327
1.84400131300502
1.83319466069786
1.82232635152471
1.81139688088098
1.80040675220151
1.78935647711069
1.77824657557584
1.76707757606371
1.75585001570034
1.74456444043421
1.73322140520270
1.72182147410204
1.71036522056059
1.69885322751565
1.68728608759371
1.67566440329426
1.66398878717715
1.65225986205355
1.64047826118047
1.62864462845891
1.61675961863576
1.60482389750917
1.59283814213781
1.58080304105367
1.56871929447856
1.55658761454439
1.54440872551707
1.53218336402409
1.51991227928582
1.50759623335042
1.49523600133241
1.48283237165483
1.47038614629502
1.45789814103384
1.44536918570849
1.43280012446868
1.42019181603623
1.40754513396794
1.39486096692172
1.38214021892583
1.36938380965122
1.35659267468679
1.34376776581746
1.33091005130505
1.31802051617161
1.30510016248527
1.29215000964839
1.27917109468769
1.26616447254649
1.25313121637851
1.24007241784329
1.22698918740293
1.21388265461979
1.20075396845509
1.18760429756802
1.17443483061510
1.16124677654949
1.14804136491998
1.13481984616914
1.12158349193059
1.10833359532469
1.09507147125243
1.08179845668713
1.06851591096331
1.05522521606261
1.04192777689586
1.02862502158121
1.01531840171749
1.00200939265242
0.988699493745002
0.975390228621595
0.962083145424960
0.948779817055676
0.935481841405277
0.922190841580368
0.908908466117053
0.895636389184881
0.882376310779595
0.869129956903842
0.855899079735078
0.842685457779760
0.829490896013035
0.816317226002983
0.803166306018510
0.790040021119973
0.776940283231585
0.763869031194561
0.750828230800118
0.737819874801183
0.724845982901887
0.711908601723710
0.699009804747275
0.686151692228658
0.673336391089165
0.660566054777445
0.647842863102852
0.635169022038938
0.622546763495945
0.609978345061207
0.597466049706340
0.585012185460087
0.572619085045770
0.560289105482213
0.548024627647092
0.535828055801671
0.523701817075863
0.511648360912630
0.499670158470787
0.487769701985204
0.475949504083590
0.464212097058948
0.452560032096948
0.440995878457439
0.429522222609434
0.418141667318948
0.406856830689111
0.395670345152133
0.384584856412656
0.373603022342231
0.362727511824683
0.351961003552232
0.341306184772356
0.330765749985468
0.320342399593588
0.310038838500353
0.299857774662742
0.289801917595106
0.279873976826159
0.270076660309761
0.260412672790421
0.250884714124615
0.241495477559161
0.232247647968016
0.223143900048995
0.214186896482125
0.205379286051428
0.196723701732085
0.188222758745146
0.179879052582006
0.171695157001101
0.163673621999359
0.155816971761139
0.148127702587469
0.140608280808607
0.133261140683009
0.126088682285955
0.119093269391194
0.112277227349097
0.105642840964859
0.0991923523804779
0.0929279589642487
0.0868518112116099
0.0809660106612965
0.0752726078307244
0.0697736001746738
0.0644709300712849
0.0593664828394774
0.0544620847918548
0.0497595013271925
0.0452604350665759
0.0409665240372074
0.0368793399078857
0.0330003862800937
0.0293310970385238
0.0258728347648347
0.0226268892182929
0.0195944758868624
0.0167767346121226
0.0141747282913524
0.0117894416598472
0.00962178015643687
0.00767256887499142
0.00594255160446209
0.00443238995986028
0.00314266260631558
0.00207386457816434
0.00122640669477655
0.000600615074590882
0.000196730748591580
1.49093741955367e-05